100
- -6 4 -7 3
- 6 -9 10 7
- 4 8 9 -4
- -5 8 -4 7
- 10 -7 0 8
- 5 4 1 1
- 7 6 5 6
- 6 1 0 4
- 4 3 5 10
- 8 5 8 6
- 5 9 0 7
- 6 9 0 9
- 8 9 -1 8
- 5 2 -9 -9
- 1 6 -6 9
- 3 3 7 4
- 3 1 9 2
- 7 6 1 8
- 4 8 4 4
- 3 1 0 -3
- 53 57 38 6
- 4 -77 -21 55
- 49 -39 86 63
- -73 62 92 92
- 77 43 82 59
- 31 81 -9 87
- 39 80 -22 -53
- -79 59 46 9
- 46 44 13 16
- -6 31 -28 88
- 3 -73 9 94
- 21 53 17 4
- 6 18 97 40
- 100 25 -14 29
- -4 -33 1 27
- 21 15 67 93
- 1 13 93 -57
- 25 -77 9 45
- 1 -33 -71 14
- 35 22 -56 25
- 476 804 604 936
- -180 -18 394 608
- 422 78 422 78
- 382 233 32 -772
- -250 692 370 465
- 940 -252 -811 463
- 778 253 982 140
- 622 75 506 505
- 422 321 791 398
- -216 848 119 332
- 631 938 551 252
- 923 5 664 640 
- 178 -448 667 -993
- 111 744 222 1488
- 638 279 787 467
- 195 963 497 540
- 38 -563 -855 889
- 862 963 295 971
- 520 291 128 697
- 816 -190 -39 150
- 689 413 959 815
- 310 904 775 349
- 927 42 877 891
- 144 -154 936 146
- 536 813 658 242
- 653 860 899 789
- 856 414 254 852
- 821 403 634 928
- 72 253 355 -753
- 232 -431 907 388
- 983 4240 2675 8769
- 5992 2110 9315 1464
- 7077 1420 -3534 8711
- 585 1078 9286 2871
- -4098 3210 888 4428
- 4496 444 -3707 4339
- 6931 9003 8905 5226
- 6860 7106 9409 3095
- 3351 8378 9798 4454
- -1463 6089 3116 928
- 2101 360 3443 9260
- 2175 9358 4078 2657
- 7292 -4867 -1035 -3775
- 405 8742 -1615 4723
- 57 9397 9871 9358
- 7585 1140 9792 3432
- 449 4152 -486 2563
- 9992 589 3679 -979
- 4557 1773 9600 7978
- 9577 -5691 7196 5305
- 4495 6091 -6174 7358
- 995 7200 7824 -6534
- 9222 1812 7107 4542
- 4986 9929 6123 7054
- 2661 8537 4063 5458
- 7290 5627 4972 1380
- 3198 304 3418 -5546
- 3025 451 6717 3257
- 1004 7708 8172 3718
- 5592 8664 5941 9489