100
+ 4 10 -8 8
+ 10 2 4 2
+ -9 10 0 4
+ 6 7 2 2
+ -8 6 10 9
+ 9 7 8 -1
+ -6 2 2 1
+ -7 6 -9 -3
+ -2 10 3 9
+ 2 8 9 3
+ 1 6 1 4
+ 7 5 0 -5
+ 4 3 3 5
+ 7 2 7 -9
+ 2 6 8 7
+ 0 2 10 9
+ 1 9 1 -5
+ -3 4 4 2
+ 4 5 7 -3
+ 4 8 1 4
+ 70 33 70 -33
+ -45 76 89 13
+ 39 24 8 72
+ 57 53 -71 83
+ -39 51 48 30
+ 69 70 99 77
+ 39 7 67 48
+ 14 18 -80 85
+ -60 19 73 -9
+ 50 -89 54 39
+ 46 71 57 29
+ 68 9 -66 5
+ 69 52 46 92
+ 12 90 -22 56
+ 61 41 68 10
+ 33 -67 -55 78
+ 13 -15 53 -45
+ 37 -42 81 73
+ 91 5 80 6
+ 26 43 31 79
+ 841 85 636 838
+ 8 571 -559 797
+ 343 402 192 737
+ 666 565 348 973
+ 216 317 -205 -411
+ 933 701 193 566
+ 638 -340 833 603
+ 76 933 420 648
+ 448 533 679 550
+ 683 635 360 42
+ 1710 520 -855 260
+ 8 653 295 831
+ 886 -9 547 467
+ 281 12 346 119
+ 546 737 486 690
+ 340 928 588 858
+ -896 167 581 759
+ 674 521 48 98
+ -854 68 728 -470
+ 756 732 559 562
+ 473 297 527 102
+ 715 604 917 136
+ 93 -961 503 112
+ 151 103 423 684
+ 534 603 491 -308
+ 542 132 -959 -901
+ 811 100 537 445
+ 294 720 626 659
+ -661 152 115 568
+ 757 -444 -354 572
+ -1262 4117 165 9021
+ 1633 6629 8712 8458
+ 947 481 8837 1832
+ -1576 4066 3335 -4127
+ 8601 8675 1871 9703
+ 6995 4483 7663 855
+ 9188 779 8787 7775
+ 9010 6758 6479 5740
+ -2787 6462 -6752 -5674
+ 9667 4043 2437 2842
+ 4439 2284 9246 5969
+ 7529 -1453 -9317 9649
+ 1801 5497 3466 3631
+ 1196 4313 3039 -8324
+ 7215 858 3922 7012
+ 6365 9212 7210 9666
+ 4328 548 2009 6596
+ 4633 146 6989 1250
+ 5788 336 4756 3072
+ 120 2836 7746 443
+ 5727 8095 2618 8777
+ 3289 7096 -397 318
+ 8088 7306 283 1659
+ 4187 -6606 -7146 4065
+ -7826 -7101 6480 6517
+ 7855 2779 20 7363
+ 1236 2604 9198 7607
+ -9969 1018 2391 3767
+ 6418 98 7078 7781
+ 5848 6802 9003 2705