0 5 6
-2 2 21
2 3 4
-0 3 56
-1 3 7
0 1 4
0 1 3
6 0 1
0 5 6
0 4 15
0 5 9
0 2 3
1 1 72
1 1 2
0 5 6
-0 3 4
-1 1 2
1 1 24
-0 1 2
3 0 1
-5 23 57
0 127 385
-2 509 819
-2 11 62
0 1017 2537
0 1142 2349
0 307 4240
-6 239 531
0 41 176
0 85 682
-0 939 6862
-3 181 212
-2 11 120
4 14 29
0 25 297
0 316 465
1 175 247
-0 202 385
5 19 462
3 457 550
-0 835 15678
9 107 304
0 0 1
1 30621 44969
-1 5051 32178
-1 28543 29169
-3 16633 17710
7 2207 7575
-0 85955 127758
-0 10789 17596
-1 8675 16884
183 9 16
0 61031 222432
0 0 1
0 78373 130293
-0 41479 57780
0 447583 500507
0 552917 935073
1 122365 202827
-4 33 950
0 165468 336595
-1 138457 157748
21 1087 12474
-7 1945 5621
-2 5875 98373
-0 257923 678540
1 22619 29394
1 66201 186992
0 144031 190509
-2 146477 167228
-0 2722073 37180560
-3 269207 514840
5 155417 399020
-2 194627 281358
-1 94202 197415
10 472223 481629
-0 1126931 1206402
-2 821257 10996535
-1 14923339 18657806
-3 844803 1412648
5 77389 166680
-1 7518743 24864206
-1 2838344 3674585
0 5343715 13762822
-1 4287255 87937126
3 26095 32604
0 3168659 10641576
20 416479 576631
1 864992 2357499
-3 1186156 30190755
1 12931233 22408789
1 19493 58080
3 59974 114307
-0 25624023 70039166
-0 20162093 46594946
-2 596681 1941315
11 57339 421496
4 86130 133537
-2 242527 3582293
0 66236 3425529
