100 100
300.3 878.8 821.9 862.7 960.3 757.5 915.6 337.7 780.1 45.5 868.1 906.7 387.7 865.5 296.5 183.6 978.4 403.0 254.9 597.9 947.2 968.2 370.0 779.9 446.7 537.0 401.1 36.4 316.0 226.3 311.7 604.0 742.0 7.9 773.1 221.9 362.9 726.7 965.8 77.3 533.5 747.5 593.2 954.4 821.0 262.8 433.9 347.5 248.4 212.8 346.6 410.9 34.4 171.2 43.9 921.9 924.9 957.7 890.2 340.3 136.3 476.0 451.6 249.1 907.4 233.3 611.8 838.5 481.0 763.1 30.1 583.2 248.8 274.1 315.7 12.9 258.1 144.6 21.2 320.0 530.1 865.4 687.5 727.0 706.5 845.2 778.9 438.0 5.3 446.2 982.7 806.8 119.9 840.7 323.3 164.0 917.3 128.3 782.3 904.5
388.1 674.7 377.5 461.4 80.9 125.9 710.1 781.2 107.2 720.1 885.1 264.2 996.5 49.6 387.5 937.3 1.0 529.0 287.0 923.0 394.2 858.1 752.7 836.4 513.5 453.5 255.0 9.8 930.3 764.8 606.8 234.3 278.6 730.0 874.2 323.9 131.4 825.5 64.7 892.5 325.4 710.3 176.1 271.9 274.3 182.5 950.5 580.2 906.1 232.8 289.7 481.5 662.7 429.9 936.2 800.5 708.1 944.9 182.2 213.2 284.0 806.1 768.0 406.6 548.8 189.6 470.4 664.8 329.5 658.1 964.7 296.7 36.9 220.6 676.2 904.5 855.5 300.3 840.6 286.2 953.3 21.1 113.3 929.7 70.2 834.2 821.9 439.5 588.3 649.2 774.0 952.1 248.9 975.1 790.1 997.9 378.7 192.7 50.7 56.0
84.4 541.5 339.3 545.6 76.3 649.2 858.1 776.6 494.1 30.5 360.2 507.2 868.6 432.6 852.2 208.5 106.7 480.5 612.8 356.0 750.7 864.9 462.1 929.4 493.2 733.0 776.6 845.1 114.2 774.5 328.5 979.4 603.6 52.7 207.1 975.6 521.7 956.9 249.2 421.5 90.1 362.7 203.8 68.9 775.0 712.2 277.4 582.3 57.8 284.8 513.9 796.9 722.5 597.6 485.5 640.8 64.1 185.7 954.4 85.0 351.6 121.3 316.5 290.0 341.4 115.1 924.3 568.9 686.7 505.4 297.1 236.0 149.2 285.6 376.7 197.2 547.3 227.7 143.1 247.8 872.3 309.4 305.0 422.7 893.0 765.5 56.3 387.4 646.5 179.2 130.4 395.3 550.4 608.9 223.0 391.7 909.5 952.3 27.6 377.2
662.1 321.9 759.7 7.3 892.0 845.5 541.3 578.8 57.8 829.3 116.4 470.8 857.6 180.3 358.1 679.7 932.5 682.8 106.5 486.7 312.1 632.2 343.3 775.1 319.9 624.6 584.1 78.9 68.7 998.0 255.6 976.5 357.9 431.3 902.6 391.3 516.1 277.2 836.6 314.1 19.6 887.2 391.6 962.1 835.2 91.6 229.1 361.3 605.9 470.4 500.6 473.3 260.7 211.4 508.4 709.7 410.4 327.5 120.7 382.8 632.3 329.5 704.9 925.8 16.1 994.7 660.0 885.6 511.3 863.9 718.4 814.3 863.7 419.4 259.5 531.4 199.8 678.9 771.4 673.6 237.3 642.5 619.1 718.1 987.8 740.4 385.2 14.5 957.3 613.5 297.4 143.2 280.4 870.3 992.1 729.2 687.7 141.4 5.0 303.4
466.1 813.6 93.3 91.4 675.9 764.3 621.1 163.4 132.1 658.6 854.5 249.6 903.2 39.5 51.3 874.6 435.8 724.0 236.5 779.7 282.2 784.4 817.7 288.6 174.2 438.5 425.9 821.9 820.0 429.9 38.6 448.9 820.4 851.3 554.4 896.2 612.9 647.3 900.7 646.2 308.5 209.1 931.4 317.4 256.7 756.5 510.9 624.8 255.8 195.5 185.5 559.4 328.2 384.8 478.3 895.2 916.3 476.2 644.1 630.7 91.4 736.3 322.8 938.0 297.4 813.4 268.8 865.3 946.5 321.4 193.0 639.4 69.7 67.6 462.5 838.5 787.3 231.7 630.3 459.2 501.8 683.6 151.7 973.7 148.0 539.2 962.8 22.7 231.2 744.3 704.3 999.1 925.9 762.2 196.7 489.3 712.0 39.7 523.0 928.7
128.1 90.0 243.1 689.6 276.0 563.2 588.4 543.5 307.5 910.6 657.7 770.5 471.9 962.4 971.4 736.9 754.7 917.5 874.6 879.7 310.7 756.5 254.6 942.3 213.1 974.5 743.8 385.9 426.4 656.0 710.1 816.8 787.2 191.1 726.2 424.9 325.5 230.6 723.0 896.4 241.8 934.0 254.3 795.7 510.7 306.3 585.2 855.9 571.5 839.0 373.0 297.3 849.8 115.0 102.7 904.2 643.3 954.7 989.7 583.8 737.0 908.5 522.7 566.0 101.9 828.3 824.5 271.8 430.7 999.0 37.5 337.9 366.3 777.8 122.1 632.2 156.4 731.6 235.7 643.2 509.1 241.1 574.4 544.6 961.6 47.8 197.4 442.8 953.9 957.4 650.2 782.8 521.8 325.7 968.0 574.9 865.9 110.5 68.0 562.4
142.2 316.8 174.7 723.6 117.6 433.6 549.3 224.1 0.6 247.5 585.7 439.0 958.7 75.9 732.2 238.0 680.7 785.3 267.1 697.1 615.8 991.6 715.7 813.6 685.6 72.0 508.7 817.6 579.8 490.8 179.8 119.7 897.9 116.3 17.5 368.5 103.6 405.3 542.0 729.1 668.0 516.6 217.3 251.6 643.1 223.3 432.2 897.8 791.8 465.2 282.3 673.9 148.3 680.4 301.9 560.9 100.1 348.4 52.7 210.2 143.4 91.8 653.3 596.1 726.6 81.5 178.0 442.5 882.2 550.0 936.3 521.2 821.7 29.7 562.1 315.7 887.5 366.2 665.9 296.2 321.2 374.5 94.7 728.5 110.2 915.2 732.9 825.0 537.3 662.0 658.3 983.5 326.7 375.6 772.2 105.3 113.3 320.6 873.8 360.4
397.4 910.6 261.6 671.6 231.6 909.8 409.9 16.5 119.8 452.9 869.2 272.6 439.4 547.7 819.6 962.2 787.6 886.2 331.2 156.2 33.8 782.9 339.5 502.4 950.1 580.2 599.8 917.3 840.6 366.7 440.4 982.8 154.6 702.6 877.5 953.4 774.8 511.5 519.8 326.6 135.7 333.7 630.8 102.5 408.8 566.0 249.6 804.8 775.0 606.9 266.2 182.3 314.7 79.7 950.3 100.0 785.6 441.8 706.4 290.3 434.5 401.0 111.4 708.4 123.2 256.3 102.5 714.9 193.6 143.5 912.0 73.1 635.0 857.3 391.8 541.5 855.4 170.2 587.2 734.3 460.9 552.8 774.1 758.4 88.1 564.3 385.5 42.0 647.5 231.2 114.6 417.7 890.7 60.5 761.8 846.3 462.2 968.3 119.1 522.6
609.6 379.2 374.4 565.4 887.0 573.7 404.1 54.6 54.7 9.0 981.7 100.5 109.2 747.3 531.4 375.5 480.4 152.6 481.0 78.8 932.5 807.2 97.5 185.4 886.0 413.0 754.9 344.9 303.6 229.6 639.7 95.6 179.3 800.3 900.6 581.6 70.4 124.3 215.1 379.2 602.5 765.4 234.7 353.1 955.0 130.6 141.9 415.2 970.8 125.3 534.7 683.3 355.8 655.0 26.9 628.7 196.0 507.6 120.0 515.5 71.2 627.1 602.8 56.0 557.3 637.6 428.3 992.5 680.9 745.1 890.2 803.8 798.5 111.9 978.1 112.2 172.5 864.9 475.2 748.5 510.4 357.0 595.1 368.5 989.7 886.6 18.7 357.2 747.8 123.0 191.1 431.5 186.8 849.9 582.3 957.4 263.7 840.1 743.7 503.0
838.5 752.1 299.3 384.3 966.7 144.7 987.8 822.9 478.6 856.7 250.9 124.0 965.1 390.1 421.1 576.2 573.6 844.3 416.2 619.0 122.3 381.8 681.1 303.1 468.8 436.7 836.8 119.6 175.7 829.0 63.7 303.7 135.4 644.7 566.9 7.8 29.8 681.0 587.2 762.6 501.5 767.4 109.9 47.5 216.8 544.3 854.4 664.9 61.7 173.7 785.0 819.9 454.7 161.2 175.6 417.7 345.2 942.9 631.3 269.4 650.1 37.5 252.8 157.7 123.2 703.0 116.9 57.5 734.0 137.2 432.2 567.6 350.4 654.0 540.2 848.9 512.1 261.7 348.2 353.8 9.2 353.2 236.2 643.0 19.1 665.4 366.2 186.3 71.8 893.9 580.4 487.9 317.4 888.8 436.0 614.3 708.8 523.8 280.8 899.8
250.7 308.7 884.9 518.9 444.0 931.2 613.7 784.6 433.6 265.3 97.7 886.0 18.2 861.1 384.6 598.9 899.6 340.5 120.8 351.9 365.5 820.9 442.6 87.4 941.3 572.2 437.5 711.4 137.1 748.2 269.2 573.4 732.8 14.3 611.3 269.9 142.3 993.7 494.9 431.2 580.8 333.3 956.6 733.8 707.4 589.7 974.4 319.4 398.1 492.2 646.7 910.3 696.2 299.4 734.6 380.5 344.4 940.3 474.7 198.6 957.1 130.9 276.9 771.6 848.5 575.3 633.0 192.9 456.4 321.7 891.1 547.5 785.7 189.4 55.0 800.9 503.1 656.8 106.9 849.4 73.3 319.8 707.5 66.7 401.6 413.1 918.5 332.0 422.1 958.5 517.3 455.6 824.6 570.1 389.5 804.5 293.7 801.6 523.9 545.0
677.7 809.4 858.9 143.9 862.3 47.6 818.2 895.4 237.2 370.4 88.7 223.1 126.8 279.5 515.9 30.3 889.9 613.3 788.0 388.7 395.5 164.9 386.9 192.0 791.3 553.6 79.7 162.5 536.9 369.8 263.4 205.9 159.2 293.5 843.1 521.5 544.4 789.0 214.2 824.1 631.5 570.4 402.1 404.3 945.8 875.0 644.8 207.3 971.0 372.9 968.7 312.6 505.1 496.8 704.7 98.1 727.8 346.9 179.2 377.1 393.6 836.1 141.3 949.4 336.5 21.4 940.9 638.7 46.0 190.7 185.2 18.5 562.4 948.5 511.7 519.9 814.5 945.4 750.7 714.3 275.1 337.4 390.4 795.0 501.0 367.0 799.1 330.4 635.7 266.2 88.2 904.3 328.5 132.6 326.5 588.8 332.7 680.3 460.1 36.7
384.0 12.6 651.3 995.6 705.1 854.0 324.4 210.2 436.7 213.6 979.1 542.3 832.6 705.7 161.0 201.7 29.0 936.3 17.4 671.0 531.2 532.9 233.5 391.8 690.5 360.6 382.7 504.4 170.8 225.8 404.7 544.5 258.5 490.0 177.6 614.4 185.3 27.8 158.5 741.3 863.3 338.9 510.1 985.8 360.9 528.4 165.2 785.6 884.3 516.0 348.3 381.9 124.5 673.4 201.0 555.7 584.1 278.2 207.7 634.6 363.1 524.7 105.4 556.2 780.3 642.6 501.9 718.7 893.9 412.4 84.1 15.0 513.8 761.9 695.7 945.4 498.4 222.9 828.9 800.5 633.6 663.1 244.4 235.5 750.8 544.5 724.2 696.5 500.7 822.2 602.3 174.6 589.5 873.6 957.8 1.5 194.1 194.8 508.8 348.1
659.8 736.1 832.4 551.3 192.5 188.8 295.4 280.8 514.4 167.5 880.7 439.6 917.5 978.5 342.7 142.7 464.2 790.8 472.3 392.1 236.3 486.7 417.1 711.9 241.2 215.3 911.4 196.5 229.1 799.4 645.7 909.9 819.7 187.5 785.1 574.9 308.7 162.7 972.7 611.4 350.3 542.3 19.3 53.1 175.2 758.6 618.9 80.0 11.4 100.3 520.3 226.4 797.6 324.2 722.0 641.6 824.0 250.8 12.1 795.6 626.8 983.6 268.9 387.9 776.7 125.1 802.3 659.3 649.7 686.3 267.3 313.8 593.3 346.3 430.5 19.4 309.0 582.4 793.0 373.5 659.0 170.5 686.3 764.3 226.7 602.6 74.6 639.6 268.0 599.0 46.8 119.6 787.8 971.8 867.1 696.1 248.0 950.6 503.3 209.2
775.5 914.6 303.4 355.5 105.8 246.3 191.3 232.9 220.9 334.9 350.0 249.5 331.2 767.3 410.5 424.2 720.6 809.7 401.1 172.7 865.4 297.1 385.9 2.4 40.9 513.0 754.6 431.6 265.3 158.7 511.3 695.8 938.6 296.7 856.4 982.2 849.6 874.8 270.1 96.8 722.3 121.2 17.8 690.6 846.9 314.7 94.7 920.6 166.8 93.6 616.5 609.4 668.6 588.7 369.7 604.7 133.0 32.2 453.6 495.6 563.0 928.6 479.3 793.0 462.9 851.4 869.5 602.1 913.0 637.6 909.7 855.0 942.8 365.3 71.0 835.7 778.9 682.6 828.1 60.6 455.4 235.5 968.3 823.4 549.0 426.6 923.6 307.9 888.3 668.4 912.4 394.2 421.4 400.1 547.9 874.5 490.6 244.9 998.1 997.4
977.9 867.4 303.4 95.0 179.2 111.2 916.2 325.4 934.9 118.4 423.5 130.9 636.1 392.9 655.7 540.4 886.5 881.6 459.2 935.8 241.3 507.6 329.8 129.9 892.6 11.4 872.6 617.5 64.0 999.0 293.3 923.9 70.5 737.7 990.0 891.8 280.5 895.5 308.6 471.8 920.6 642.3 6.0 937.4 515.3 370.9 327.7 799.5 620.6 727.7 19.4 228.5 200.1 804.3 28.9 594.3 858.5 554.0 746.3 273.1 751.0 513.3 864.5 671.5 604.8 106.6 318.0 83.3 637.1 705.3 452.8 14.8 974.3 761.0 392.1 417.0 466.2 885.7 956.9 590.9 661.8 161.2 100.9 584.0 704.9 50.4 190.2 391.0 515.3 483.2 236.2 886.7 638.6 913.1 737.3 995.8 361.9 306.5 344.0 983.5
756.5 350.0 131.9 463.3 906.1 263.0 468.9 469.7 645.5 435.2 454.3 859.9 424.5 159.1 93.3 470.1 822.7 748.5 755.0 609.2 981.0 458.1 216.5 915.1 515.8 979.3 266.6 955.8 761.7 109.7 191.4 978.0 627.5 625.3 50.1 120.0 480.1 225.7 850.0 299.0 11.8 386.3 402.9 870.4 420.7 283.7 380.1 864.7 203.8 387.6 938.9 110.7 783.6 945.0 605.9 179.3 128.0 964.2 173.6 884.9 846.4 453.6 454.2 658.3 408.3 551.6 676.1 126.8 395.2 848.6 497.6 56.0 991.2 207.8 701.9 793.7 222.7 314.0 13.2 174.8 849.2 310.3 282.8 8.4 587.4 823.4 917.8 10.0 959.5 623.8 115.5 707.7 28.0 136.7 738.4 652.2 60.6 922.0 262.5 294.2
445.0 277.3 286.1 248.5 71.3 405.4 154.1 93.6 440.4 571.1 303.8 600.0 358.2 199.4 384.0 346.9 432.0 383.4 685.3 778.0 350.2 973.7 52.2 543.6 415.8 185.8 581.1 744.5 706.3 327.2 656.8 538.4 489.2 71.6 521.0 124.7 617.3 107.1 790.8 666.7 914.7 852.7 5.6 975.1 617.5 230.9 361.9 117.4 106.3 909.5 93.4 994.5 919.4 597.8 633.1 146.8 792.2 166.2 671.6 747.4 330.1 804.2 515.9 695.9 842.8 637.2 434.2 960.8 401.2 846.2 785.9 996.0 656.4 797.6 635.1 412.3 566.9 304.4 94.3 528.3 857.8 214.3 509.4 277.9 593.4 115.1 793.2 700.5 332.3 420.8 381.1 33.1 967.2 876.7 578.5 105.1 630.6 603.8 974.4 447.6
637.3 678.3 25.2 686.3 480.7 189.2 81.5 654.3 859.9 582.6 786.5 367.3 149.8 578.5 562.2 721.8 939.6 168.6 25.1 97.1 214.1 685.7 950.3 981.2 424.0 820.7 933.4 234.7 250.3 637.2 376.8 601.8 215.8 979.8 487.6 35.8 18.1 584.9 576.9 992.8 928.6 699.1 332.4 573.9 689.0 921.1 896.3 286.6 83.3 656.0 510.0 298.5 757.3 662.4 492.5 866.6 964.1 711.8 143.4 355.9 117.4 434.0 290.9 776.2 594.1 945.3 775.2 680.3 253.6 591.4 8.1 899.2 256.9 266.6 959.7 949.9 923.3 862.7 24.5 143.6 798.8 899.0 838.7 109.8 87.1 835.1 780.9 456.8 882.9 458.2 600.9 556.1 605.2 538.0 802.5 365.7 252.8 611.6 385.5 308.1
491.6 894.7 481.3 115.0 396.0 954.6 221.1 504.7 292.7 324.5 237.3 684.9 432.1 774.6 538.3 560.2 455.8 485.3 925.1 257.4 604.0 446.6 936.5 168.8 339.3 463.2 475.1 80.4 455.3 380.5 243.5 915.4 550.5 920.2 227.6 914.9 544.3 22.5 373.6 779.9 598.3 217.6 424.4 258.0 659.5 611.8 432.5 368.1 678.8 742.2 896.3 316.2 296.5 727.1 937.6 322.5 824.2 397.7 603.9 937.5 608.0 49.3 833.1 276.4 880.0 837.7 981.7 839.4 511.3 880.0 168.0 234.7 446.0 545.3 439.4 236.1 259.5 335.7 833.4 917.6 160.2 58.3 513.3 907.1 863.5 689.3 838.5 677.0 769.8 307.6 889.1 801.7 781.3 712.5 937.9 772.4 424.1 859.6 453.8 341.7
523.3 944.4 180.6 994.2 116.0 716.1 188.0 350.7 338.8 313.6 137.2 924.2 206.2 796.1 855.1 744.4 111.5 877.3 428.5 337.3 30.9 118.3 212.2 101.4 90.8 578.0 984.9 76.0 899.3 35.6 759.4 706.5 903.7 348.8 941.8 941.7 637.5 488.9 952.7 878.2 244.7 363.6 281.2 854.6 74.6 293.1 994.6 462.9 392.1 305.4 332.3 889.4 607.3 361.0 609.5 297.8 353.5 507.7 456.8 904.1 678.5 161.4 769.1 161.9 132.5 89.7 638.1 994.2 352.0 100.6 791.6 816.3 801.2 361.0 816.8 962.5 174.6 354.2 162.7 389.2 427.1 212.0 760.1 235.9 504.3 516.6 125.7 708.3 577.1 544.6 588.2 14.1 385.6 788.4 363.7 250.0 388.1 532.7 237.4 849.9
629.2 910.3 401.8 816.6 645.7 28.8 144.2 233.2 498.8 851.2 729.7 524.9 496.3 382.2 462.6 879.0 611.1 461.9 717.0 603.7 781.8 91.7 974.0 991.8 946.6 253.1 895.6 960.4 604.8 674.1 992.9 612.2 181.9 843.4 841.8 208.9 529.5 196.7 833.0 909.6 878.4 192.5 530.6 524.6 198.0 637.9 789.0 168.8 638.0 508.2 576.7 630.5 917.4 86.1 929.9 396.4 408.9 517.9 546.6 652.1 213.2 494.0 548.8 786.0 492.1 595.7 351.1 22.1 609.9 241.1 965.1 220.8 811.4 303.1 484.1 836.5 31.3 530.9 545.7 207.1 173.0 275.9 947.6 204.9 248.0 130.9 817.2 325.0 853.5 148.6 739.4 875.9 593.7 401.1 266.8 674.3 877.0 153.5 310.0 826.1
883.1 512.4 841.2 311.9 71.9 263.8 333.9 683.0 826.6 680.9 41.0 305.7 186.2 539.6 708.6 854.8 944.0 637.2 723.7 489.4 683.5 587.8 988.0 858.6 788.2 21.1 208.7 255.0 182.5 202.8 735.6 779.7 421.1 818.8 329.4 693.7 931.1 257.6 543.2 292.8 118.8 245.8 491.5 354.4 250.6 557.5 22.8 99.1 324.5 797.9 557.9 979.2 791.5 9.2 277.0 371.8 688.3 971.8 665.0 189.7 822.6 860.1 143.3 997.2 84.0 426.0 791.9 170.8 977.3 842.1 682.6 244.1 78.1 228.8 867.9 564.4 812.5 385.1 985.4 845.4 846.3 878.4 486.5 932.7 816.8 814.5 501.9 723.5 331.6 245.5 526.3 506.0 552.2 828.0 695.3 964.6 923.7 428.2 340.0 344.3
319.5 400.8 709.4 979.8 606.4 270.8 280.6 716.7 765.7 921.6 686.3 756.7 639.6 71.2 388.3 9.3 309.5 646.2 536.5 897.1 913.1 540.5 373.8 470.4 794.6 217.7 511.6 816.0 972.0 329.4 820.3 211.9 897.6 822.1 523.1 438.7 350.6 520.7 421.6 270.3 771.0 633.4 783.1 161.0 221.2 294.9 299.9 333.4 460.0 948.3 995.5 876.6 445.1 0.5 800.8 795.9 780.9 750.5 20.4 777.7 198.9 458.9 215.4 763.3 942.2 653.2 477.4 975.3 789.0 735.2 501.0 729.2 418.1 335.7 734.1 157.3 859.8 793.9 850.5 304.2 368.6 430.3 913.5 841.6 188.4 143.5 442.7 96.4 940.2 160.5 991.9 127.7 794.9 502.4 483.1 718.5 99.8 392.1 721.0 915.7
695.0 249.4 282.1 188.0 232.8 261.9 76.9 791.1 347.2 524.8 577.8 98.6 982.6 182.6 990.6 509.6 679.4 226.6 417.7 382.4 828.5 801.2 175.2 602.9 705.2 578.4 4.1 218.6 190.9 886.8 55.9 35.6 316.7 220.8 962.9 341.5 103.2 823.0 686.2 791.8 959.3 800.8 430.8 893.9 829.3 116.8 755.0 708.7 234.6 495.5 321.1 740.3 28.7 734.7 410.1 871.8 628.5 773.7 426.6 282.4 75.3 391.8 524.1 228.6 243.1 708.6 247.7 429.6 162.9 322.4 528.7 252.4 786.7 666.0 663.8 808.1 779.1 475.8 515.9 805.2 833.6 188.2 252.4 91.7 665.7 147.5 138.1 497.2 475.6 751.6 585.4 515.8 675.9 579.7 456.4 875.9 186.4 657.0 614.8 379.7
223.0 289.6 375.2 84.7 60.3 141.9 477.1 67.7 263.3 42.3 137.1 865.7 238.8 426.0 771.3 616.4 324.0 229.5 220.2 846.1 138.6 667.3 59.4 991.2 701.5 762.2 950.2 508.0 221.7 822.9 417.6 662.4 163.2 682.9 183.0 932.4 100.6 823.8 726.8 568.9 285.5 691.6 977.1 125.1 675.0 607.4 199.2 155.8 624.2 937.8 318.6 377.6 58.4 35.0 307.6 30.9 353.5 152.3 434.2 798.9 80.8 215.3 588.1 963.0 649.0 19.8 692.3 210.1 681.9 443.7 408.9 90.9 573.3 709.9 618.7 551.3 558.6 839.3 583.3 64.0 660.6 434.6 61.8 457.3 592.8 761.4 344.3 821.2 159.6 258.4 420.5 662.2 734.7 235.6 794.8 866.2 523.5 137.1 567.1 560.5
966.5 646.4 413.6 252.3 61.5 877.7 1.6 194.7 766.4 322.0 304.8 660.4 828.1 535.1 443.9 436.4 146.0 784.6 491.5 610.8 389.6 972.0 352.8 751.3 33.4 677.0 891.9 61.4 200.3 625.4 175.5 577.4 209.1 254.6 965.0 650.7 561.8 379.8 742.9 993.8 395.7 382.4 286.8 687.7 242.5 28.5 406.8 955.7 858.9 805.3 178.7 384.5 392.6 698.2 341.5 918.1 306.3 60.4 357.3 987.3 397.8 463.3 761.3 176.5 76.5 467.1 2.1 162.8 914.3 39.0 620.6 5.1 567.3 275.5 818.1 671.1 840.4 548.6 826.9 3.8 326.6 13.5 332.7 172.0 359.8 595.8 870.9 531.7 21.7 747.7 195.7 127.0 430.1 253.5 650.7 669.4 818.1 309.2 337.3 3.5
399.1 944.1 90.8 418.3 591.1 263.6 639.7 596.0 38.8 554.5 572.2 535.7 166.9 439.3 163.7 999.4 437.4 746.4 856.0 545.0 877.4 395.8 627.4 839.7 247.7 192.9 787.0 522.2 110.7 81.0 365.2 719.1 782.2 360.7 245.7 381.3 429.0 542.8 189.8 177.2 286.1 891.7 509.7 863.5 822.9 677.7 631.7 575.9 745.0 934.7 220.0 304.9 194.0 117.3 700.6 267.5 782.5 424.7 399.6 530.7 971.0 597.7 397.2 678.6 98.8 331.2 180.0 699.7 497.3 46.6 503.6 103.1 434.3 589.1 740.4 765.0 28.2 606.6 155.6 874.6 577.5 732.2 577.0 892.3 126.4 195.5 962.4 695.5 374.7 86.4 697.2 242.8 696.1 883.2 973.6 270.8 852.0 262.4 501.8 631.2
506.1 886.3 654.0 679.6 664.3 21.5 528.7 518.0 231.6 195.8 497.2 85.0 742.6 100.6 616.7 344.1 844.8 484.7 439.8 861.6 226.0 780.8 462.0 900.1 508.1 629.5 771.9 738.5 249.9 879.5 542.6 697.7 920.0 379.1 8.3 129.3 90.2 909.2 305.3 465.5 7.4 380.9 600.6 399.1 835.2 43.0 241.4 864.3 527.3 212.5 13.7 314.6 429.6 362.9 409.7 216.1 880.4 525.2 645.7 706.6 619.7 353.7 60.2 138.8 380.0 291.6 544.1 939.8 118.9 992.4 269.1 699.7 512.0 619.8 701.3 114.4 977.9 886.5 528.3 796.3 978.8 405.4 37.4 752.5 588.0 135.0 890.9 524.8 592.8 15.0 145.5 517.5 717.8 995.6 463.9 815.7 630.7 972.3 945.4 613.5
301.7 327.6 608.5 429.2 517.1 632.2 57.8 850.7 168.4 377.8 996.7 856.6 155.5 240.9 153.3 963.8 330.8 245.5 14.7 634.6 60.7 845.9 662.7 354.9 750.9 339.8 442.5 12.0 207.6 347.4 628.1 813.9 61.8 708.8 366.2 484.8 613.5 34.8 172.2 163.2 511.2 916.7 180.7 54.7 596.5 368.0 435.0 105.2 392.2 898.6 642.7 935.6 193.3 798.4 918.2 175.6 629.3 606.7 89.5 801.6 600.6 736.1 873.2 371.8 465.3 608.4 884.2 807.9 729.0 219.9 928.4 4.2 153.0 970.0 469.6 86.8 246.8 338.1 721.3 577.9 434.9 760.0 95.0 988.7 943.1 786.8 564.8 762.6 690.7 741.8 396.0 421.0 321.0 274.6 482.9 647.8 607.4 129.2 813.6 206.6
902.5 438.2 459.9 951.7 343.6 861.3 530.5 456.8 810.4 892.9 98.6 852.6 84.1 334.0 337.6 630.4 567.7 617.1 314.4 961.0 957.5 949.4 966.1 74.0 318.3 745.0 691.0 986.1 454.2 681.6 450.0 875.6 604.7 143.3 536.9 805.7 738.4 787.3 432.0 120.5 172.3 60.5 363.1 387.9 157.4 918.1 987.9 645.5 904.0 23.8 598.9 311.6 124.2 637.2 559.0 941.4 559.9 806.7 152.8 214.7 324.9 890.9 262.7 944.5 839.6 376.7 450.3 134.3 108.1 352.0 965.4 828.7 263.2 866.7 117.3 850.7 390.7 555.1 275.9 587.3 770.5 728.2 837.3 570.9 23.2 896.2 553.3 293.2 801.5 492.1 714.6 762.3 643.4 770.7 248.8 620.0 912.4 239.1 359.5 779.5
779.4 292.6 765.8 470.5 683.9 196.4 657.1 728.2 645.8 130.3 861.3 228.8 476.8 846.6 904.6 627.1 723.8 793.3 818.8 60.5 515.6 966.2 322.8 296.1 710.9 169.2 251.0 220.6 209.1 728.3 520.7 385.9 939.1 870.9 253.9 606.2 116.1 540.7 669.9 60.0 803.6 379.7 706.1 510.4 253.8 193.6 594.3 468.1 624.7 905.4 735.9 655.4 376.2 791.8 108.8 686.6 800.6 514.1 782.9 326.7 522.4 500.0 149.8 480.3 849.4 962.8 508.2 118.5 386.7 896.7 639.7 181.6 72.3 38.6 391.9 390.8 677.0 328.4 884.9 516.6 387.8 585.9 108.0 927.9 208.9 701.2 395.8 957.4 591.0 27.6 318.6 94.1 107.1 615.3 673.6 795.2 393.9 559.1 418.4 966.5
139.4 858.2 288.1 141.2 256.5 900.7 563.9 415.2 245.9 74.3 672.3 184.9 347.4 260.0 353.9 576.7 950.9 991.0 151.3 735.6 782.9 702.7 576.0 693.6 190.8 261.6 442.9 576.5 273.8 108.6 917.7 876.7 302.9 69.6 420.4 744.4 524.7 504.4 815.6 817.9 487.0 58.6 603.1 806.9 997.5 528.2 131.1 894.9 745.3 548.3 470.0 352.4 612.4 722.9 63.2 74.5 79.8 800.0 749.7 60.3 402.3 506.2 37.9 632.6 45.3 667.1 588.0 387.2 400.9 926.6 440.8 725.8 224.9 816.7 114.9 590.1 430.1 532.2 712.7 763.3 282.6 426.4 57.3 628.6 94.2 421.5 249.1 362.0 460.8 37.9 977.6 920.6 499.9 399.2 907.1 224.0 428.7 599.7 10.3 313.5
259.2 809.3 411.5 311.6 495.3 495.6 38.6 785.8 851.1 840.1 186.4 348.5 831.0 899.7 927.9 948.3 663.7 372.4 283.0 48.9 448.3 822.4 279.5 982.1 767.5 939.7 161.1 856.6 52.1 676.0 166.3 532.4 681.6 775.2 935.7 883.8 308.8 787.7 930.7 496.7 80.9 770.2 465.6 821.9 411.6 110.8 631.0 528.0 79.8 615.4 193.4 255.7 936.9 149.1 565.0 614.4 821.9 150.5 15.0 652.7 112.1 842.0 562.3 280.9 206.5 356.4 123.6 153.6 648.7 333.8 715.4 917.2 149.0 413.2 808.8 563.9 974.8 742.6 368.8 838.0 302.4 764.6 695.4 470.6 735.1 646.8 340.8 496.5 231.0 737.6 39.3 43.1 173.8 828.6 442.3 166.2 634.4 166.2 398.6 225.3
790.2 113.3 40.1 672.1 282.5 599.3 371.9 716.3 830.3 715.4 49.3 324.3 527.0 423.8 645.6 524.9 680.6 721.4 256.1 955.5 364.8 430.2 934.7 99.3 59.7 395.6 184.9 862.3 42.3 623.2 931.7 413.2 257.1 162.4 25.5 193.5 617.5 198.1 264.3 232.9 963.5 345.9 632.7 467.7 680.9 64.1 436.7 718.3 860.0 792.8 753.6 236.3 293.0 331.8 802.2 906.0 837.8 557.0 957.3 368.0 135.5 958.6 340.5 177.7 912.4 740.5 68.9 500.9 639.7 892.6 288.5 618.5 578.9 354.8 807.7 662.9 725.3 704.2 98.4 390.4 826.0 192.7 843.2 694.4 596.0 914.8 97.2 775.4 238.5 450.3 609.6 19.6 116.5 52.4 125.8 253.7 43.7 392.2 891.9 18.3
737.8 867.9 929.9 349.9 205.7 790.3 524.2 389.1 478.5 583.8 139.4 2.9 887.0 725.4 721.1 206.8 138.7 796.3 525.0 71.8 798.1 318.5 671.0 363.7 309.4 720.3 507.8 783.8 279.5 130.9 713.8 898.6 862.6 130.6 322.9 266.1 514.7 817.6 968.8 139.1 938.1 788.8 242.9 883.8 270.6 550.6 690.8 285.2 165.7 167.3 861.2 550.9 453.5 718.6 944.5 831.2 372.6 397.1 322.3 746.8 381.1 15.0 984.7 744.7 249.0 518.7 61.1 875.6 211.3 135.1 610.0 907.6 134.7 381.6 31.3 410.0 589.6 419.3 298.0 694.4 872.6 456.1 978.9 989.9 737.0 548.6 167.6 839.9 517.3 713.2 56.4 325.6 345.9 697.6 160.8 132.1 733.8 781.6 53.4 155.3
635.5 633.0 283.2 277.5 16.9 657.5 647.4 975.8 186.5 371.1 757.8 609.3 912.1 558.4 696.1 604.4 777.6 157.4 601.8 848.0 627.7 26.9 104.8 962.7 896.1 588.3 851.3 852.8 501.1 195.5 432.4 664.4 402.9 82.2 782.2 171.9 859.4 2.6 769.8 480.7 505.8 152.2 101.2 799.3 78.8 190.3 884.2 427.3 855.9 999.1 945.7 908.8 436.7 258.4 881.6 658.9 837.1 579.4 554.1 9.1 623.2 69.3 176.3 219.2 497.5 917.7 412.9 914.1 531.1 263.4 287.9 651.9 667.4 738.1 645.2 388.3 994.1 873.5 185.3 393.3 448.4 394.7 865.3 278.8 532.4 653.9 105.9 561.7 563.5 637.4 94.5 618.6 320.8 122.2 928.9 389.9 576.5 380.8 624.8 475.7
565.0 109.3 846.4 828.5 495.5 90.9 685.7 244.8 12.3 938.2 812.8 919.9 757.2 884.2 397.7 238.7 752.9 988.7 940.5 265.5 266.2 821.9 252.6 521.8 806.8 138.1 511.9 477.8 619.5 653.2 666.4 27.0 971.4 802.8 489.4 505.5 787.6 874.2 701.7 466.3 640.2 460.0 650.7 7.2 397.7 302.5 890.4 873.6 773.6 358.3 843.7 510.9 16.1 842.1 3.7 850.8 513.2 370.0 497.0 906.4 882.9 115.7 870.2 334.6 941.5 653.6 990.3 731.9 908.8 83.6 77.0 33.9 68.9 10.4 367.0 459.3 702.6 911.3 503.6 803.5 366.8 754.8 472.0 611.5 664.0 980.0 499.5 184.7 380.8 341.6 137.4 131.6 661.5 882.6 368.0 295.4 327.3 868.5 392.3 830.7
902.2 370.2 718.4 607.5 484.3 469.2 752.7 91.2 189.7 724.6 103.5 71.2 965.4 733.6 631.0 629.2 34.0 372.4 378.7 988.1 198.3 601.5 315.6 921.2 286.6 557.5 834.3 852.8 716.4 504.8 223.8 737.4 676.5 694.5 440.8 884.8 931.0 141.8 607.9 208.7 410.7 977.1 413.5 405.2 467.1 301.2 26.7 744.0 768.6 735.7 953.4 580.7 481.7 589.5 289.2 493.4 220.2 726.0 764.3 968.5 688.2 683.0 972.0 297.7 481.0 442.4 266.1 546.6 500.8 198.8 628.3 163.2 57.8 71.9 701.8 852.3 561.9 202.6 161.9 628.3 439.9 408.7 387.7 381.8 27.1 624.0 943.2 445.8 601.9 771.5 926.8 903.8 16.4 119.7 739.6 413.0 538.0 71.9 970.0 938.1
256.4 292.1 178.9 523.3 134.8 8.4 375.0 894.0 487.6 794.1 160.8 778.0 378.0 285.1 386.2 119.8 785.1 247.7 175.4 474.2 678.0 146.7 859.0 80.4 925.7 598.5 175.6 62.6 63.3 794.6 692.2 39.6 548.0 811.8 880.2 818.3 339.9 694.8 554.0 156.4 909.6 157.8 194.9 841.4 112.8 653.2 549.8 820.1 783.7 634.2 840.6 741.2 323.9 382.6 117.1 881.4 591.7 72.2 62.0 734.0 809.5 168.8 346.1 185.7 330.2 11.3 836.7 806.2 596.1 373.9 955.2 923.0 273.1 715.3 679.0 159.8 923.6 941.3 145.9 165.5 511.4 894.4 980.1 706.8 772.8 1.4 175.7 364.7 245.7 294.7 437.1 714.0 665.5 828.0 593.2 709.4 831.1 429.8 995.2 484.5
803.3 763.5 412.8 691.8 614.0 760.0 146.0 779.0 503.5 919.6 542.1 778.8 288.9 629.2 4.0 651.5 761.2 436.5 76.4 325.7 892.6 394.6 520.5 750.8 864.9 61.4 358.9 837.1 371.7 821.9 986.5 709.6 974.7 42.5 519.7 247.9 953.4 406.3 255.3 552.7 631.0 680.3 654.1 699.2 363.9 256.9 78.0 983.6 832.2 127.8 59.1 580.5 77.7 614.5 457.0 86.4 181.1 730.6 419.5 423.1 98.5 507.8 554.7 663.9 363.0 558.7 980.1 945.7 233.4 263.1 16.5 169.7 68.7 840.9 161.7 966.6 658.6 717.3 233.4 264.1 273.5 186.7 796.1 445.2 495.3 664.2 316.6 164.1 418.0 229.9 61.6 660.0 105.8 88.0 985.9 870.9 988.3 884.0 267.1 423.4
780.1 813.0 858.6 957.0 382.3 213.6 76.8 92.5 817.6 253.7 450.1 852.0 767.7 833.5 960.4 285.0 612.4 521.6 7.9 721.8 881.2 854.4 536.0 295.2 766.1 631.9 253.2 72.5 516.3 559.3 848.8 100.4 25.0 898.7 164.3 537.8 660.7 540.3 568.4 696.6 990.4 808.7 688.0 672.7 234.2 764.8 607.2 209.7 544.9 383.6 675.3 58.6 866.3 140.7 869.7 346.8 275.2 824.9 767.6 653.1 685.5 41.0 839.7 411.6 395.4 286.6 709.2 697.4 846.1 464.8 101.4 468.4 402.8 536.5 232.4 211.7 336.2 150.0 761.0 209.8 827.1 488.6 766.0 946.7 490.5 719.9 133.5 964.7 579.2 917.4 80.0 515.8 94.2 896.1 775.6 44.7 691.3 240.6 149.0 466.8
354.0 268.3 994.5 21.3 564.4 571.1 802.0 795.2 234.3 314.8 277.1 140.0 193.9 295.4 896.0 934.0 352.3 312.0 337.3 357.8 292.3 661.5 435.9 931.6 845.7 214.0 167.2 11.0 805.5 581.6 553.1 266.2 142.5 608.9 597.8 737.6 550.4 876.5 73.9 368.2 435.2 833.8 681.2 116.1 847.5 164.5 521.0 198.4 636.7 409.0 844.8 582.7 903.2 926.2 267.9 135.6 161.6 569.4 861.1 885.6 289.4 973.0 653.2 303.0 222.9 816.2 319.7 569.3 492.8 721.7 855.3 486.2 892.5 556.1 347.6 100.1 624.7 319.1 452.5 76.7 580.4 242.5 643.1 357.4 506.8 478.6 616.9 588.7 243.0 5.6 426.3 737.4 146.0 821.9 605.2 325.9 174.1 769.7 52.2 277.7
958.3 926.7 993.2 495.0 410.8 39.9 500.9 614.7 740.3 951.1 698.4 251.7 374.1 328.8 242.5 471.9 214.7 699.4 948.2 56.4 914.6 443.1 598.6 408.0 661.5 332.7 76.6 858.7 288.5 719.2 497.5 109.3 304.9 402.5 835.9 21.8 269.0 214.7 552.9 322.7 941.5 39.8 390.0 19.0 353.7 801.1 683.1 42.3 685.5 367.8 243.1 59.3 298.5 541.5 875.8 904.4 810.8 526.7 615.6 856.7 749.0 462.2 251.8 45.1 694.9 434.0 272.2 94.6 424.5 281.7 287.6 132.0 625.1 941.1 726.0 7.2 986.2 63.7 270.6 243.7 141.0 561.8 581.1 449.0 372.0 902.2 639.7 312.5 937.1 214.5 103.5 999.3 790.0 256.4 990.7 331.8 494.3 539.7 100.6 200.3
316.1 402.9 289.8 689.7 994.7 53.1 956.3 669.0 902.3 0.1 461.9 822.8 139.1 858.1 947.0 778.1 275.1 446.8 765.9 892.3 456.6 290.3 591.6 745.8 579.6 307.0 588.8 194.4 407.5 9.5 701.2 910.9 780.9 591.4 92.9 364.5 316.9 391.6 33.1 469.0 72.9 476.1 476.6 250.8 696.3 140.8 600.1 570.6 140.8 764.6 684.5 415.9 566.3 532.8 495.6 551.3 720.1 449.4 242.8 599.9 545.2 187.0 710.6 555.4 888.7 823.2 294.4 371.2 219.1 296.5 262.6 897.5 883.7 193.3 375.5 940.0 215.6 823.5 823.6 778.4 984.6 170.8 610.3 909.3 586.0 267.7 826.7 43.0 508.2 188.3 451.6 590.7 929.7 19.5 84.6 290.4 108.7 924.5 89.7 442.6
437.5 618.2 513.3 628.9 683.5 763.0 246.5 593.3 619.8 500.9 413.4 637.0 670.0 999.0 977.2 369.1 986.9 514.2 801.8 751.7 184.7 258.6 904.4 131.0 362.9 725.1 942.9 59.0 110.2 691.5 369.3 948.5 109.3 558.7 602.0 566.1 647.6 335.8 582.1 677.7 603.2 50.3 807.1 383.6 720.5 507.5 479.0 718.4 437.6 805.9 524.5 463.1 332.3 720.7 834.0 205.1 155.2 25.1 778.4 259.3 84.5 613.5 129.7 392.2 397.0 193.2 49.8 463.3 856.7 169.6 266.9 453.9 838.7 977.5 749.4 475.3 140.5 685.0 661.0 939.7 610.9 747.1 161.3 455.5 93.1 110.4 711.1 234.2 977.2 1.5 785.2 947.8 362.3 588.1 821.9 900.0 459.4 599.3 457.5 898.8
48.1 197.1 468.2 87.2 956.6 812.0 199.2 202.1 648.6 527.6 712.9 486.1 495.6 442.8 510.9 452.9 199.6 235.5 893.0 382.0 639.7 969.5 709.4 787.2 797.4 475.8 678.4 92.3 594.0 660.9 575.4 90.0 420.0 365.0 746.3 613.2 784.5 443.6 661.8 858.1 147.8 447.8 954.2 323.5 452.4 821.4 595.7 267.7 630.4 399.1 937.2 848.0 50.4 248.5 923.8 225.6 79.0 559.3 853.6 258.5 849.4 815.3 628.6 405.7 707.6 817.7 348.2 378.5 338.0 665.7 862.2 293.8 8.7 537.3 982.4 655.0 183.4 907.5 773.5 664.4 21.0 674.9 483.4 661.9 409.0 750.2 654.8 49.7 784.9 528.3 411.0 501.1 878.5 224.2 334.5 956.4 295.1 83.2 333.4 835.6
95.2 967.0 807.7 930.6 935.2 226.3 36.2 153.3 910.4 287.2 976.7 412.9 895.3 384.6 665.2 254.7 778.8 319.4 687.6 725.0 900.6 733.9 867.4 206.9 631.9 323.4 327.8 879.9 179.1 992.2 363.1 136.2 480.4 378.7 266.4 249.5 309.8 526.1 378.8 656.9 189.5 643.0 924.5 283.4 896.8 55.2 637.8 5.1 42.2 905.6 343.4 470.2 88.8 538.9 881.0 935.2 327.4 497.4 67.6 518.4 587.0 3.0 42.7 513.9 611.5 932.5 931.3 558.3 532.0 753.0 37.1 381.7 824.2 731.9 3.8 281.3 184.6 898.9 607.7 936.5 286.7 11.8 266.2 719.5 824.1 733.0 769.6 553.9 81.8 926.7 96.8 332.6 434.9 815.3 233.0 366.1 809.0 187.0 439.8 742.0
180.7 610.5 197.9 519.9 395.5 981.6 730.7 864.3 451.1 93.6 50.2 715.0 873.1 130.5 955.1 558.2 389.5 33.4 29.1 967.7 557.1 172.9 806.6 709.5 534.5 727.1 433.7 113.0 998.3 753.9 126.5 750.2 124.7 177.1 561.1 71.5 682.0 971.8 469.0 310.5 129.1 288.4 959.4 363.3 828.0 902.6 958.3 687.7 597.3 556.5 671.4 622.2 439.7 418.4 644.3 101.1 633.0 769.9 601.9 297.2 231.2 200.3 381.6 229.9 553.0 672.0 256.8 472.3 611.0 133.5 822.8 730.8 330.6 503.3 212.0 640.1 531.1 447.7 373.8 580.2 815.4 720.0 0.1 456.0 961.5 392.7 816.4 40.1 829.4 897.9 324.3 709.5 834.2 159.6 29.7 411.4 724.1 511.1 751.2 68.3
379.1 378.2 994.0 273.9 607.8 579.1 432.2 934.0 641.2 440.8 261.4 12.8 117.3 292.4 55.3 637.9 174.9 801.9 611.8 199.6 536.9 332.3 803.7 617.5 523.1 933.5 713.8 137.4 338.4 344.4 996.4 121.0 3.8 210.0 892.9 824.0 623.7 536.4 576.3 306.2 579.0 335.3 827.2 487.6 126.5 788.1 673.8 569.5 198.1 135.9 789.5 440.3 905.5 552.3 917.8 941.7 537.3 712.8 911.8 250.6 368.6 162.4 389.1 199.7 421.9 308.0 996.0 705.4 65.5 730.4 838.2 787.7 95.7 734.0 782.7 694.2 612.0 442.1 772.6 715.0 333.5 949.2 900.0 644.7 546.1 230.1 417.4 803.9 742.6 970.4 487.1 372.4 662.5 162.3 856.4 884.6 426.7 483.6 890.2 515.4
516.7 999.0 163.2 542.9 993.3 303.3 425.4 13.3 973.7 186.6 835.0 416.3 734.0 157.8 172.1 783.6 936.8 261.6 487.6 978.7 413.1 603.0 306.5 414.9 876.8 417.6 108.3 161.6 607.2 484.5 22.5 707.6 807.6 17.0 548.5 147.8 254.8 649.3 565.6 908.8 459.1 694.1 285.8 869.6 179.2 914.6 107.8 978.8 852.9 901.3 93.4 606.7 616.8 366.4 846.4 715.7 813.0 466.6 784.7 997.0 811.7 37.2 841.9 202.6 886.3 386.3 144.1 721.6 506.0 396.7 153.0 218.6 27.1 335.3 879.9 459.9 332.5 229.6 958.6 245.1 44.8 385.8 122.3 626.7 637.7 364.4 434.2 692.8 167.1 263.8 951.5 297.7 549.4 363.7 881.5 666.9 636.0 168.9 215.7 350.4
691.5 475.4 203.0 821.0 393.3 419.9 855.9 915.5 273.1 840.1 64.8 8.3 655.6 869.2 502.4 456.4 549.5 535.2 309.5 71.8 587.2 853.4 5.3 341.1 36.4 658.8 427.0 341.7 74.8 761.7 667.9 302.5 242.2 145.5 207.1 606.6 805.2 664.9 533.4 317.7 383.8 141.3 739.2 577.4 617.1 86.4 768.6 116.2 458.7 465.4 996.7 620.7 776.0 908.5 295.8 670.1 168.2 349.5 649.0 175.5 868.8 236.5 590.3 700.8 570.7 377.6 360.2 110.1 972.3 181.8 435.8 258.6 753.0 970.2 159.7 990.8 350.3 145.5 189.4 160.7 519.2 296.4 185.3 595.7 414.3 628.8 279.8 404.4 544.9 701.1 590.1 215.1 87.9 114.9 861.2 487.8 704.6 490.4 429.4 937.0
589.0 151.1 321.1 702.4 94.7 180.0 92.4 508.6 927.4 450.2 209.1 592.6 969.8 260.0 212.3 305.7 254.3 406.6 522.3 122.5 397.4 675.2 3.6 405.7 388.8 476.0 213.9 841.5 441.6 6.1 958.8 437.9 147.6 536.7 756.0 16.7 472.3 520.5 249.4 603.2 480.4 790.4 924.2 317.5 781.0 653.8 838.5 781.2 565.1 382.8 287.8 557.4 502.8 823.2 519.4 488.4 185.3 71.1 420.9 774.3 322.7 401.7 297.4 996.7 830.2 19.7 497.2 408.5 177.9 912.8 800.4 879.7 594.3 683.0 203.0 239.0 374.7 193.1 767.8 216.0 668.0 502.0 315.6 205.1 565.2 743.2 889.3 445.5 826.8 352.8 518.4 347.3 764.7 520.3 83.7 272.2 681.9 92.8 211.8 992.8
683.7 366.1 687.0 97.7 337.2 615.7 702.6 887.6 857.3 80.2 941.3 922.1 422.4 840.6 504.5 472.5 195.7 549.9 85.4 983.1 344.2 910.6 329.8 894.5 818.2 868.7 216.3 614.4 803.7 558.2 766.0 869.3 357.3 110.7 397.2 600.0 843.8 883.1 507.7 339.2 238.1 126.6 895.7 975.9 573.9 201.4 590.3 864.2 690.5 43.9 871.2 630.3 645.6 15.2 925.1 244.9 122.2 426.5 753.2 894.5 675.7 879.3 871.3 893.7 439.2 381.4 597.4 19.1 73.9 323.4 645.4 501.0 188.7 65.8 937.4 677.8 463.5 700.3 168.8 441.5 396.3 853.2 383.4 617.7 872.2 681.8 956.3 102.6 445.7 404.9 625.9 687.8 946.0 647.8 47.4 126.2 2.0 83.0 708.8 839.1
16.6 734.3 585.5 711.4 342.1 654.1 104.3 829.9 473.5 330.9 884.3 806.6 189.9 489.7 862.2 937.1 434.2 343.1 449.8 10.7 239.6 125.8 37.3 990.2 3.4 617.9 656.7 229.9 103.4 745.0 621.1 446.4 795.4 790.6 289.0 415.7 816.3 985.4 37.4 220.9 786.3 774.7 239.3 584.2 733.5 903.3 982.3 663.9 241.4 710.9 382.7 517.2 524.3 886.9 984.6 559.8 583.7 245.5 458.3 354.8 610.1 712.3 891.5 226.3 419.7 262.9 554.0 261.5 761.0 358.3 244.9 309.7 235.8 446.3 434.7 272.0 403.2 374.6 991.5 223.6 296.7 815.6 883.3 459.7 761.4 8.3 23.5 131.1 270.8 932.8 510.1 311.3 758.2 789.9 927.5 973.9 139.7 235.9 703.6 752.4
540.0 944.6 604.1 453.5 79.7 636.3 196.6 940.0 901.3 363.9 364.5 581.4 737.3 663.5 928.0 550.7 125.5 317.4 666.7 243.5 261.4 147.1 536.3 465.4 784.0 100.0 21.3 315.8 269.6 785.2 291.0 542.5 559.5 114.7 865.5 459.1 215.3 521.6 492.7 523.2 769.8 656.5 280.2 596.4 627.2 18.2 536.7 585.9 109.8 134.7 754.3 929.9 744.3 887.1 140.2 662.1 907.2 553.1 844.2 48.7 960.3 859.7 431.1 892.4 0.1 249.4 583.6 489.0 557.4 906.6 321.4 843.7 328.6 803.4 325.0 162.9 716.7 5.7 77.4 202.6 147.2 516.0 490.8 860.5 925.4 35.6 631.5 618.8 256.9 819.4 680.6 771.5 524.2 669.8 5.8 540.3 803.5 666.0 741.0 98.2
880.9 845.7 291.7 108.9 845.4 366.3 606.4 41.9 895.0 972.4 497.7 92.9 595.2 424.2 719.0 401.6 320.4 435.0 576.8 84.6 850.3 34.3 187.6 462.4 902.1 230.0 998.1 77.8 500.1 369.0 456.8 195.2 248.8 251.9 780.6 243.1 886.1 435.9 416.5 609.4 743.7 509.7 47.0 603.0 152.0 174.7 642.6 14.4 177.5 924.0 705.8 523.4 856.6 109.0 828.6 110.1 806.2 992.2 376.8 671.4 602.7 106.9 662.2 519.7 943.9 521.0 308.0 686.9 211.1 341.7 583.9 888.3 978.2 299.2 767.6 27.7 255.1 382.7 111.8 798.0 312.4 693.0 26.2 195.2 850.2 364.1 354.6 603.7 608.8 95.6 314.5 848.2 585.1 454.7 801.5 410.8 20.9 657.1 117.1 619.6
983.1 807.0 276.5 274.6 878.2 690.5 895.5 971.9 177.9 850.5 769.8 122.9 982.6 937.2 682.8 935.4 630.9 37.1 752.3 882.3 244.7 935.2 211.4 170.8 284.5 92.0 545.9 832.2 999.4 786.5 330.3 944.9 364.3 943.7 863.5 448.6 107.3 638.0 250.4 636.5 241.1 844.3 753.8 499.5 882.9 524.4 384.7 228.3 323.5 483.2 796.5 250.4 35.8 360.3 634.8 965.2 481.5 267.6 282.0 465.2 733.2 450.3 237.1 582.0 995.9 370.3 538.3 680.0 424.9 793.1 976.1 47.3 642.0 730.4 327.2 902.9 881.7 534.0 152.4 271.4 539.5 277.7 684.3 941.1 971.3 380.0 887.0 677.5 567.0 121.0 682.1 431.4 72.9 533.9 879.7 701.5 116.6 484.6 311.1 526.0
611.4 179.9 17.8 72.7 193.4 42.6 112.7 204.0 163.5 467.3 364.0 969.1 589.8 37.7 154.6 674.6 3.2 265.7 979.6 878.8 720.7 455.3 832.2 260.1 220.5 359.6 426.2 744.8 362.2 300.8 976.4 770.3 94.2 95.4 630.8 346.2 146.8 346.8 154.4 131.4 156.6 987.4 233.4 300.4 488.6 176.6 716.7 389.3 919.5 533.9 77.2 662.3 418.1 394.7 408.8 333.7 195.0 976.9 869.2 867.3 517.5 37.1 311.4 307.9 139.2 478.1 201.9 940.5 907.0 147.2 830.8 918.2 132.6 161.6 275.6 65.1 490.4 962.4 208.9 270.9 245.1 378.4 219.1 456.4 542.8 797.5 131.1 206.0 420.5 145.0 218.5 231.4 934.1 67.8 501.0 748.9 164.8 637.8 932.3 544.1
482.1 352.0 57.7 90.1 105.3 556.4 687.2 81.7 475.1 261.1 302.3 285.4 465.5 614.2 533.3 80.1 123.4 480.4 731.0 59.3 875.4 472.1 36.6 163.9 173.8 497.0 988.7 815.3 970.0 913.0 912.9 219.3 62.7 422.0 522.2 453.3 873.9 519.5 46.9 582.5 740.8 226.5 763.4 740.1 108.1 6.2 916.4 93.3 525.2 396.6 307.0 881.3 784.6 691.8 705.4 770.0 566.5 252.0 649.3 526.8 312.5 428.4 267.7 451.9 254.4 875.7 284.4 664.3 283.1 573.0 71.2 529.9 728.0 972.9 676.7 198.0 473.6 557.7 2.4 298.1 688.3 919.1 675.2 330.3 916.5 340.5 2.1 458.9 384.1 219.4 556.1 301.7 928.8 560.0 308.8 338.4 848.0 721.4 661.0 190.1
138.2 821.7 20.7 592.8 948.3 274.0 78.5 822.5 259.8 136.6 163.2 244.5 359.3 960.2 709.6 661.9 222.0 16.1 403.3 227.3 318.9 108.4 946.6 615.8 471.2 383.8 34.5 834.7 747.3 834.9 488.7 498.6 980.2 212.3 93.9 348.5 339.1 484.9 718.7 351.2 636.2 735.0 123.7 542.7 316.0 244.9 759.6 847.8 426.6 954.8 334.7 974.5 150.8 92.7 749.8 762.4 827.0 901.3 851.8 767.8 761.5 281.6 392.8 414.2 818.2 419.3 934.9 650.5 328.0 230.7 597.6 453.4 78.3 857.3 802.5 788.9 875.3 870.6 491.9 495.6 540.1 104.3 555.7 481.3 525.7 617.0 711.1 27.6 920.2 418.2 777.5 892.6 341.4 330.9 354.1 317.0 355.9 246.4 865.6 85.1
942.9 893.2 737.1 684.7 770.9 499.3 767.6 310.3 458.1 491.6 671.6 25.7 962.1 750.0 571.8 279.5 417.4 417.1 474.8 194.6 222.5 767.1 17.7 898.1 796.3 550.0 376.6 934.9 211.4 428.7 664.0 140.4 651.5 715.1 555.3 562.5 881.9 354.1 666.9 836.3 392.7 20.4 241.7 709.5 796.9 623.9 940.5 120.8 91.9 344.1 851.5 953.7 522.0 604.6 80.8 26.3 778.8 229.9 850.5 489.5 868.3 322.8 700.2 582.8 186.2 638.6 669.2 469.2 923.6 275.6 499.3 777.3 998.3 639.5 815.3 189.3 621.1 828.9 380.1 448.7 70.4 930.0 936.0 374.7 29.4 158.8 611.3 237.6 517.4 582.9 190.3 777.2 136.2 675.7 248.9 751.1 507.9 620.3 271.9 334.4
724.7 339.3 455.2 43.2 14.0 545.8 687.7 38.7 415.4 934.6 47.0 620.9 826.1 961.0 500.2 362.2 383.6 651.5 531.6 790.0 714.2 668.5 756.5 710.6 942.5 281.9 38.5 534.2 774.7 2.4 101.4 969.9 254.1 384.3 660.9 720.4 623.1 722.1 624.3 627.6 486.7 230.9 811.2 277.5 828.4 115.6 109.1 19.1 574.6 871.7 611.7 199.0 178.3 896.5 229.0 791.7 568.6 788.1 790.3 560.1 601.7 927.1 809.1 804.5 699.3 167.8 17.9 674.4 380.5 472.9 571.1 186.2 626.7 87.7 481.1 486.1 204.9 687.7 420.7 554.6 195.7 154.5 753.2 371.5 760.3 793.0 899.5 609.5 920.0 87.1 805.6 852.3 868.9 54.2 555.5 494.2 233.2 629.1 969.2 847.9
548.8 926.4 326.0 380.4 551.4 358.5 377.2 895.1 141.0 393.9 355.5 91.3 550.1 39.2 962.6 247.0 715.5 243.1 315.0 787.4 502.3 683.9 448.0 119.9 987.6 624.8 38.4 204.7 935.1 11.7 941.3 781.5 177.8 581.9 593.4 3.8 194.0 372.4 221.3 633.6 307.3 674.6 924.2 83.5 965.5 994.3 267.9 86.7 360.2 65.5 755.5 127.4 685.7 88.9 382.8 369.5 132.2 462.6 515.6 2.3 984.1 700.7 196.3 663.5 536.4 534.2 38.5 770.7 309.2 363.9 972.2 912.7 359.3 608.3 760.7 796.7 497.2 423.0 402.5 142.7 854.3 160.7 380.6 782.6 809.2 475.3 179.9 64.6 647.8 596.5 474.5 318.0 387.9 14.4 138.6 120.9 727.5 522.5 320.8 281.0
845.8 583.1 237.7 366.0 551.1 929.3 432.3 830.1 149.0 185.8 585.2 648.9 329.9 881.5 240.2 781.4 765.9 684.2 415.3 99.4 544.7 503.8 42.4 194.2 912.9 656.4 454.5 753.0 665.0 385.4 462.0 404.5 973.1 168.2 85.6 924.9 682.9 910.0 234.8 20.2 868.2 337.3 441.1 713.5 575.6 400.7 649.6 209.6 169.5 201.2 451.1 863.2 80.6 780.5 415.7 597.3 568.1 502.4 31.7 312.2 863.6 635.2 748.4 486.1 916.8 676.6 134.6 554.4 273.2 256.1 248.8 418.5 254.6 164.6 983.5 589.8 912.0 351.4 50.5 333.5 875.2 241.6 715.9 344.7 394.2 403.1 704.5 523.9 804.2 687.0 829.8 554.3 898.2 668.8 376.9 27.0 51.6 885.4 775.2 339.9
725.7 130.9 658.0 619.0 939.4 873.6 889.9 769.4 661.4 377.0 292.5 161.9 440.0 101.1 157.9 6.6 591.4 655.2 928.2 146.4 600.3 536.3 993.6 382.6 419.9 319.4 174.3 991.4 726.4 830.0 909.0 776.7 784.8 366.3 39.1 705.0 345.8 936.7 889.1 570.7 750.4 234.4 617.0 336.2 872.2 854.4 131.5 833.5 320.1 12.6 679.6 750.5 760.1 310.7 849.6 952.7 995.5 156.6 483.3 664.6 160.6 948.6 334.9 141.3 206.4 154.6 139.2 638.1 658.6 606.2 290.5 471.2 705.4 751.5 691.0 792.0 552.0 645.5 397.8 714.1 600.1 215.1 696.0 238.4 627.2 235.1 49.0 627.9 44.9 190.9 270.0 867.9 280.8 536.1 161.5 607.4 631.5 98.2 877.0 54.8
673.0 626.3 366.8 887.5 704.0 653.0 751.9 398.2 163.1 931.5 413.0 331.3 836.7 328.9 176.7 896.5 508.1 888.1 780.7 581.4 873.0 385.6 482.7 813.1 403.7 757.9 581.7 31.1 908.3 315.3 396.2 32.3 674.5 977.0 639.5 839.6 948.3 784.0 360.2 139.9 749.2 524.5 568.1 707.6 127.4 242.7 644.8 634.5 834.6 434.4 13.3 202.2 553.6 682.6 413.3 453.3 832.0 819.6 650.9 335.3 450.6 579.6 122.5 169.2 954.3 20.3 383.4 30.1 928.3 207.5 741.5 511.8 330.9 810.6 650.0 718.8 400.6 674.6 355.4 543.2 150.9 426.9 674.4 443.7 470.1 913.1 102.0 701.4 596.3 439.7 551.1 231.2 228.9 866.2 624.4 159.8 613.4 536.2 940.9 765.9
126.3 573.0 659.1 690.3 20.9 461.4 715.7 625.8 962.6 404.5 312.1 441.3 742.2 10.3 389.8 119.5 99.4 530.2 368.7 982.1 430.7 596.2 581.0 107.3 282.4 702.0 842.8 887.2 294.1 693.2 779.9 961.7 333.2 224.7 125.8 278.6 614.0 153.0 423.4 745.0 531.8 413.0 608.9 36.7 613.2 310.1 240.6 180.5 517.5 360.1 667.1 396.0 356.9 20.9 279.7 987.1 982.8 704.8 239.1 363.1 163.8 477.9 693.1 788.4 883.8 472.2 974.8 583.2 282.1 915.9 215.4 707.4 584.5 213.7 275.0 789.1 398.5 94.7 881.6 462.7 294.7 281.1 421.3 54.1 357.8 375.0 183.9 758.4 411.8 967.2 925.7 788.5 917.9 686.2 388.7 459.7 10.5 916.3 196.8 329.5
213.5 254.3 555.6 217.0 246.4 277.8 735.7 326.7 774.9 225.2 296.1 865.8 722.9 136.9 126.4 115.6 493.8 810.5 561.6 529.9 533.3 9.8 692.7 68.0 621.6 329.5 713.9 930.6 391.0 908.3 243.8 22.7 58.2 269.4 53.1 839.5 190.8 821.7 737.9 265.3 476.8 884.5 574.4 140.3 615.0 954.3 943.4 636.9 90.9 760.0 711.6 206.6 40.0 167.3 431.4 968.1 585.4 654.1 240.1 782.1 392.9 401.7 58.0 690.0 833.6 753.8 694.6 74.1 845.3 112.2 451.8 462.2 308.3 845.3 975.1 241.9 955.1 347.0 542.0 61.9 124.9 464.4 932.5 212.9 130.5 948.7 681.4 387.0 977.9 238.1 283.7 580.2 32.2 99.2 360.6 697.4 118.6 980.5 282.3 195.0
915.5 446.1 387.5 854.9 744.7 908.6 62.0 185.6 473.8 360.5 900.2 790.2 804.5 69.7 640.1 457.2 573.6 381.3 874.1 237.4 963.5 519.7 589.3 239.6 384.5 956.8 384.1 606.0 223.3 569.3 277.9 314.9 822.1 193.8 844.5 304.5 225.9 790.7 801.2 944.2 211.1 335.8 695.0 874.0 499.8 894.9 484.5 201.9 556.9 187.0 193.5 763.1 351.3 408.3 88.3 616.6 832.5 71.7 129.6 734.9 857.0 514.0 256.9 685.5 781.1 539.9 626.8 370.4 39.3 558.7 358.2 699.8 585.5 614.8 652.3 889.2 348.1 279.0 46.5 288.6 498.9 877.1 866.4 798.5 445.8 617.2 656.5 116.3 729.5 387.3 352.2 468.0 986.2 438.9 557.0 10.8 279.0 762.1 940.9 918.4
87.9 793.3 288.4 679.2 645.5 19.1 774.7 165.6 212.9 825.9 146.4 491.8 716.0 113.5 750.8 58.5 741.2 189.3 180.5 879.4 524.6 549.2 440.5 944.6 646.3 245.9 130.9 896.6 848.8 346.2 512.1 7.5 815.0 834.0 481.2 338.2 726.5 343.0 588.4 832.6 944.6 689.3 858.1 778.7 230.9 777.3 170.6 790.3 817.3 828.6 611.9 322.5 521.6 85.3 655.2 178.8 231.3 361.0 146.5 431.6 372.2 400.6 190.8 971.3 386.1 724.3 204.5 818.1 769.6 179.8 167.5 394.3 776.9 739.4 788.6 94.0 44.3 71.9 779.5 512.5 791.9 574.5 526.8 714.7 138.4 423.6 638.1 864.7 616.1 328.4 155.3 682.2 926.7 449.4 607.6 151.9 217.7 923.6 657.1 876.7
51.8 482.7 208.4 536.3 304.0 308.3 890.8 526.3 354.9 196.3 660.3 712.3 985.1 268.2 987.4 875.5 56.3 859.1 551.6 647.8 607.1 17.6 783.8 169.7 745.9 482.2 899.6 181.7 926.9 65.5 138.7 920.4 634.1 641.5 686.6 477.4 384.5 934.4 917.8 220.3 172.0 300.6 339.3 312.9 409.6 440.1 919.4 714.0 279.9 741.5 595.8 311.7 282.5 626.0 961.0 105.5 134.0 538.5 748.5 999.4 148.0 727.7 651.8 375.5 413.2 13.3 979.0 503.2 432.0 121.6 905.4 622.1 761.3 125.1 71.5 125.1 462.9 791.7 182.8 290.5 760.8 299.7 396.0 36.8 765.1 630.4 868.3 903.1 100.0 256.4 51.0 172.1 194.6 86.5 166.5 915.2 961.8 971.9 825.3 839.0
854.5 957.8 830.8 444.5 450.8 833.8 382.5 446.4 782.9 434.7 879.6 477.0 73.6 91.2 25.2 50.5 90.2 811.0 73.4 130.2 585.3 911.8 740.3 241.2 764.1 217.7 148.0 683.7 917.7 460.6 132.0 427.5 374.1 721.2 645.8 604.8 269.1 511.1 736.7 23.9 145.6 855.5 17.0 109.3 724.8 299.6 326.5 145.1 707.3 114.1 829.4 48.9 918.1 614.8 847.2 41.2 384.6 383.1 722.3 820.0 267.8 410.3 643.9 449.2 692.6 600.8 913.1 249.1 258.4 990.0 85.2 826.9 823.9 862.2 754.7 112.9 767.0 987.8 317.9 940.8 953.1 732.4 350.0 953.5 737.1 82.0 141.2 246.7 505.9 978.6 653.3 135.2 363.5 873.1 638.4 994.6 940.0 509.1 2.6 906.5
845.6 824.4 53.5 706.7 613.8 863.2 711.8 465.0 44.7 529.8 874.3 246.4 868.5 814.6 62.9 118.5 797.5 160.5 969.0 916.1 104.0 608.2 525.4 394.8 293.2 460.1 971.2 479.1 791.4 876.9 181.6 685.7 931.9 669.5 320.5 820.6 468.3 809.7 562.6 21.5 769.9 697.4 321.2 853.8 483.9 256.8 422.6 235.4 441.1 429.2 467.5 949.2 779.1 326.6 296.8 593.1 727.5 925.5 510.9 786.2 486.0 169.5 389.6 471.4 204.2 648.9 948.7 128.9 405.4 826.5 855.5 676.0 748.9 107.8 676.2 488.3 108.5 724.8 283.4 392.9 688.1 388.1 79.8 860.4 15.9 531.4 959.2 123.2 537.0 381.1 422.5 89.5 53.0 286.3 757.0 273.4 193.4 184.5 720.4 91.9
434.5 263.2 998.7 699.2 846.5 397.0 15.6 755.6 367.2 747.2 77.6 690.0 763.2 265.3 407.8 216.8 581.3 570.4 395.0 422.2 354.6 346.5 66.8 499.6 12.1 519.8 612.0 420.1 857.4 267.1 478.6 500.6 20.8 856.6 56.0 402.3 254.1 283.6 150.7 53.3 370.6 283.6 188.4 559.5 882.5 657.5 302.2 575.9 204.5 919.3 69.2 311.0 560.1 934.9 632.5 153.9 680.6 402.0 845.9 420.3 640.9 148.1 834.0 936.4 584.3 66.3 4.1 691.7 327.6 295.7 639.2 347.5 512.3 329.7 395.5 310.2 164.4 239.7 67.5 667.7 667.3 196.3 938.2 454.0 220.7 679.3 298.5 831.4 65.0 932.1 825.8 723.8 219.3 838.3 453.4 657.8 184.0 168.4 365.2 303.0
986.8 858.7 685.9 42.7 147.7 706.0 458.4 843.9 898.2 977.5 758.3 463.3 27.2 248.9 542.4 867.2 722.7 347.5 444.5 256.1 66.3 162.3 51.4 993.3 178.5 851.0 244.5 170.9 882.9 969.4 62.8 489.3 381.0 577.1 376.0 559.9 476.0 369.1 401.3 60.1 594.4 486.8 820.7 910.8 235.1 180.0 261.1 982.5 261.8 657.4 918.0 247.7 794.6 606.5 981.2 231.0 886.4 0.5 708.6 141.7 683.3 3.5 717.0 799.8 197.6 959.9 387.6 857.2 151.8 471.5 252.0 410.2 245.4 286.4 622.2 607.3 79.7 86.6 350.7 345.1 275.8 235.0 934.3 580.5 112.2 117.9 338.6 814.6 817.1 166.6 616.4 312.1 908.7 815.2 909.8 12.3 448.9 62.0 355.2 924.1
527.7 232.1 933.2 640.9 369.3 26.1 132.3 851.7 520.5 868.4 984.7 364.1 746.4 245.6 780.1 555.6 599.4 189.2 644.4 306.1 458.8 171.3 329.6 894.6 305.5 635.4 639.5 867.0 92.7 394.2 787.3 717.0 728.4 366.3 747.2 945.9 213.2 898.2 151.9 328.8 731.2 282.0 426.4 673.0 732.7 521.5 350.8 646.2 79.5 726.3 908.9 564.0 85.1 312.9 728.0 576.9 374.7 578.2 894.3 465.5 695.1 431.1 30.6 826.2 42.8 494.3 136.8 116.0 721.5 484.5 423.0 932.4 590.4 766.1 765.1 193.4 559.7 769.4 869.8 946.9 877.9 626.1 487.4 333.0 981.2 970.4 27.2 236.4 132.9 565.5 716.4 90.4 251.0 419.8 970.9 846.3 619.7 914.7 28.7 724.1
730.0 513.2 194.2 239.4 36.0 984.8 920.2 813.4 794.6 342.5 687.1 487.2 253.5 451.9 728.8 618.6 711.1 291.8 257.6 761.2 176.9 221.5 994.0 341.6 995.0 949.3 360.6 148.0 460.8 384.5 241.9 977.7 570.8 821.9 288.7 994.9 757.5 793.1 778.7 111.4 670.8 286.2 529.1 679.5 866.5 783.4 493.6 819.2 838.1 230.8 410.6 417.5 945.7 929.4 7.5 693.2 340.6 744.3 827.7 437.4 994.4 928.6 260.3 578.0 850.1 496.2 208.9 523.2 843.0 87.0 503.5 922.4 342.8 297.2 484.0 657.6 333.8 391.9 496.0 336.2 294.9 458.3 53.0 761.5 593.9 145.2 272.0 258.7 520.9 365.7 579.3 596.7 734.8 186.3 668.1 364.6 9.7 268.5 998.5 830.6
807.9 690.4 113.7 870.4 87.8 531.9 477.8 908.2 2.4 609.7 208.1 60.9 113.9 945.8 869.7 823.3 715.1 671.6 884.0 726.2 387.3 312.3 14.4 123.7 669.1 900.1 94.3 482.5 477.2 315.0 766.2 417.2 661.0 677.8 211.0 175.3 979.7 808.6 228.0 865.5 202.0 952.9 227.4 894.6 217.1 808.6 97.3 9.0 620.3 981.0 886.1 93.4 408.5 9.5 409.8 41.2 439.7 370.7 812.8 464.1 526.5 939.9 441.4 849.1 963.9 294.9 444.8 125.6 947.5 216.1 729.4 376.5 665.4 670.1 197.1 645.5 119.4 31.4 710.5 418.0 320.8 990.3 894.5 282.6 829.3 131.9 566.2 669.2 675.3 231.4 849.7 233.1 199.3 210.5 44.7 561.1 307.1 62.3 275.3 933.0
736.8 30.2 904.2 765.5 715.9 807.1 872.7 364.1 147.0 988.6 421.0 856.5 225.6 265.0 230.3 984.8 893.7 898.8 209.6 983.7 859.1 551.3 490.8 371.3 637.0 850.9 726.2 452.4 978.1 805.7 252.5 282.3 130.9 630.0 197.8 277.3 276.2 352.8 316.5 276.2 293.3 897.9 373.4 203.3 169.4 652.2 474.6 909.5 436.9 701.3 562.0 176.5 402.6 116.5 270.3 48.3 446.7 528.2 957.2 226.5 639.5 741.6 513.8 615.3 537.0 279.5 450.4 827.5 669.3 611.9 596.3 60.4 977.3 427.4 36.5 974.0 887.5 520.5 944.5 444.9 626.4 154.6 325.5 367.5 950.5 475.7 178.1 559.0 42.0 368.4 278.9 989.4 818.7 622.6 596.2 302.1 146.8 703.5 509.6 389.4
699.8 438.2 956.3 367.8 882.4 897.3 668.3 320.7 875.3 590.8 491.6 771.5 557.4 159.1 656.8 749.5 579.2 215.4 911.5 12.0 858.8 738.7 871.9 348.0 613.9 737.1 668.4 699.8 930.3 365.9 219.0 604.3 126.2 401.8 557.2 649.1 351.4 865.7 642.7 740.5 397.2 805.2 190.8 183.4 101.3 115.2 422.9 924.8 725.5 7.1 488.6 596.6 626.9 714.7 253.8 567.3 605.1 44.8 580.0 311.5 845.0 311.5 745.0 513.3 588.4 922.0 755.0 874.1 486.9 857.9 498.5 323.0 807.1 783.6 482.9 610.9 773.4 432.1 845.5 640.3 395.9 589.5 892.8 807.5 398.6 350.8 293.8 193.1 498.8 548.1 952.6 522.7 558.0 138.2 268.7 340.3 312.3 877.2 355.7 297.3
852.9 452.2 968.6 348.0 547.9 338.8 939.2 963.0 103.9 679.8 530.0 73.7 911.4 474.3 978.9 685.1 384.4 683.9 511.2 25.8 941.7 638.4 66.4 496.9 353.8 243.0 159.2 664.5 725.9 949.7 822.6 138.6 225.9 753.6 116.5 986.5 82.6 103.8 258.2 23.5 522.2 831.2 420.0 548.9 578.2 723.6 76.5 162.1 990.9 568.0 296.9 635.6 296.7 8.1 367.4 998.8 233.9 36.0 431.9 111.6 536.9 905.5 594.6 905.0 740.5 269.5 164.6 698.5 83.9 40.4 80.7 199.7 310.8 323.5 487.1 569.9 14.6 784.5 46.1 612.7 240.4 922.9 240.3 113.5 882.7 943.3 242.9 198.2 100.3 597.7 37.3 917.4 714.4 14.8 997.7 723.0 178.9 477.8 117.8 407.2
343.0 321.9 382.3 980.5 185.8 705.4 983.5 445.1 761.6 322.7 705.9 607.1 919.8 556.9 532.3 277.0 943.9 93.9 238.4 651.4 69.6 77.3 111.3 468.9 923.5 344.0 740.4 18.4 792.7 331.9 897.5 912.8 841.2 384.7 823.9 217.0 349.1 534.9 767.2 846.2 350.9 441.0 652.2 81.8 107.0 636.4 980.8 543.3 796.7 726.7 290.1 157.0 64.3 339.9 716.8 932.4 775.7 11.2 688.6 396.3 886.0 257.2 475.4 354.9 365.9 842.1 714.3 439.1 112.0 952.3 744.1 295.1 197.1 629.7 985.6 87.7 314.7 312.2 453.4 623.3 853.1 319.1 788.8 5.7 440.6 891.3 622.5 20.4 933.9 167.6 487.6 815.2 258.0 283.2 70.2 58.4 787.6 619.2 656.0 492.1
573.9 790.3 353.9 151.6 148.6 452.1 291.6 321.2 808.2 464.0 749.5 226.2 709.0 213.6 67.6 861.7 576.9 84.6 865.3 169.1 480.5 276.5 49.5 226.1 625.9 154.1 9.8 72.8 395.4 865.8 862.5 871.3 455.0 909.5 426.5 995.3 151.8 226.3 841.8 303.7 484.8 556.3 908.8 217.7 575.1 724.6 5.0 910.1 914.5 992.0 346.8 957.2 86.5 269.9 139.3 34.1 83.2 322.8 491.2 113.7 323.3 263.8 256.2 670.0 583.8 760.6 858.4 987.8 432.0 995.4 227.8 419.0 584.1 206.9 903.9 85.7 211.8 128.3 628.6 501.4 761.6 916.7 846.0 21.5 335.8 729.2 738.5 363.5 967.7 1.7 43.5 504.0 998.3 974.8 564.4 868.4 191.0 429.3 741.4 362.9
388.5 951.4 570.4 744.4 531.3 37.8 343.4 630.8 184.0 618.2 707.5 189.1 380.2 435.5 672.9 691.4 956.0 402.4 165.3 478.1 945.1 231.2 883.8 333.3 750.1 314.5 29.8 614.4 11.7 207.5 143.6 413.4 363.3 536.6 282.0 728.1 870.6 416.5 71.3 457.4 748.6 480.0 464.5 653.2 612.9 541.8 93.8 137.9 664.2 659.1 964.8 305.3 454.9 92.1 16.3 359.5 996.0 148.2 644.1 0.1 825.2 352.5 382.5 983.7 93.3 249.4 488.0 842.4 193.4 260.4 371.3 18.8 86.8 614.6 53.1 383.8 262.6 762.2 230.3 973.7 440.7 206.3 601.5 352.4 160.0 584.8 779.9 714.4 504.0 268.7 55.4 395.6 346.7 483.6 273.1 906.8 421.8 953.1 654.3 308.1
268.0 186.4 608.3 262.1 246.9 117.2 59.8 313.4 638.1 704.9 589.7 806.9 279.6 2.0 277.5 771.4 778.9 798.5 807.5 480.0 369.1 63.9 840.3 495.9 164.1 945.8 566.4 581.2 357.8 795.4 734.3 722.6 151.5 90.2 360.7 124.0 482.1 724.7 813.9 142.6 794.5 678.9 68.1 868.2 650.7 84.0 241.4 25.1 582.7 308.8 927.2 970.9 433.3 942.8 207.9 582.4 15.3 419.5 12.5 547.8 422.6 349.4 532.4 599.3 516.7 624.0 246.0 193.6 668.3 541.8 435.5 539.6 108.7 531.9 268.2 430.6 469.9 794.9 687.5 197.0 937.7 792.5 954.1 721.5 80.0 520.5 164.0 230.7 428.3 226.3 0.7 126.7 757.5 366.2 155.3 192.1 193.8 839.2 899.4 556.3
72.9 807.7 636.3 738.7 349.0 950.7 401.6 927.2 154.4 427.7 66.2 926.3 320.4 323.2 258.7 956.8 974.3 208.3 175.7 353.6 528.5 421.4 278.8 483.3 162.8 653.8 884.3 914.9 753.8 291.4 891.4 576.1 64.3 743.3 78.4 425.1 880.1 65.5 264.0 488.7 125.3 21.0 773.1 521.8 813.3 396.8 956.0 886.2 11.2 642.3 139.1 280.0 236.8 964.1 613.0 727.9 420.3 642.9 456.4 768.7 910.9 207.4 675.1 479.4 817.7 166.6 887.6 200.0 830.2 854.3 122.2 971.2 352.8 541.9 88.5 777.2 622.4 890.2 130.6 438.6 942.8 513.6 463.1 594.7 332.7 555.5 354.6 509.4 823.5 171.2 414.9 828.3 313.1 500.0 552.0 727.4 845.2 105.2 594.6 681.4
542.2 963.0 354.7 341.9 625.3 204.1 72.4 94.2 647.0 783.1 604.8 14.9 30.0 5.4 737.3 246.9 949.2 865.9 672.5 743.8 890.6 174.2 931.7 388.2 899.7 157.5 174.3 236.0 976.1 258.0 942.6 588.5 3.1 273.9 456.9 430.7 771.9 596.3 92.2 534.6 500.5 288.8 260.5 587.2 906.8 419.0 200.7 880.5 315.3 216.1 804.6 157.9 57.6 475.8 747.9 201.1 749.8 301.3 231.5 454.6 867.1 766.5 129.7 732.4 218.9 686.4 975.4 292.5 701.4 983.0 820.4 785.4 507.5 547.1 714.0 926.2 883.3 66.5 404.4 764.8 835.6 865.0 617.3 802.4 398.9 176.1 160.1 439.2 664.0 102.0 577.8 16.2 13.3 193.9 433.9 729.5 108.1 887.3 949.7 197.0
716.3 420.6 591.4 971.1 67.4 847.8 646.6 850.8 638.5 531.4 840.1 416.1 376.2 512.5 220.1 324.1 233.4 760.2 656.9 34.6 867.1 979.4 654.1 370.2 707.8 381.9 148.6 563.6 474.0 305.5 332.3 629.6 589.3 998.5 750.9 524.4 26.1 96.3 282.7 122.2 25.1 584.1 849.5 265.3 909.0 428.5 283.5 807.6 240.4 186.8 346.2 654.7 757.0 923.9 38.8 391.3 621.0 625.2 417.1 294.2 539.1 9.3 973.2 62.4 973.7 458.5 463.2 781.7 813.5 405.5 617.7 752.7 763.1 148.1 858.7 334.8 614.9 840.6 564.9 687.2 340.3 918.4 597.4 213.2 748.6 752.7 446.1 49.8 407.8 754.6 59.8 512.9 966.1 102.7 28.1 107.6 151.0 739.7 473.8 164.7
192.2 13.0 468.8 228.8 606.1 437.9 766.9 129.1 373.2 469.7 853.7 39.4 806.4 828.3 588.7 749.2 273.4 396.4 34.5 716.6 960.4 248.9 728.2 395.6 49.5 584.3 100.5 427.9 836.4 367.4 350.9 730.3 564.1 685.3 188.0 12.6 672.0 672.6 386.5 803.7 992.5 602.9 100.0 787.7 825.6 825.3 67.7 180.8 866.0 352.8 869.0 646.4 427.0 449.4 580.9 823.7 355.7 140.0 357.7 518.1 374.7 856.9 954.8 617.0 105.5 73.1 639.3 724.4 111.5 187.0 935.5 984.0 881.1 831.5 706.2 665.3 633.4 413.9 312.2 713.8 349.7 896.9 834.5 603.6 747.4 443.0 617.9 311.5 746.2 745.5 520.2 679.4 432.3 51.0 35.4 927.3 227.9 934.0 31.1 361.6
545.6 950.1 281.9 398.8 307.5 418.8 515.4 170.5 472.6 919.2 502.7 246.2 26.4 167.6 195.6 232.3 406.7 700.2 5.7 769.8 550.8 595.0 30.1 801.2 434.3 811.2 823.7 399.3 472.1 671.6 211.3 908.2 829.2 777.8 978.2 74.2 125.8 881.6 787.7 721.8 614.5 370.6 41.6 537.5 768.3 544.7 410.4 718.7 915.5 372.0 383.5 154.6 556.5 682.5 182.0 168.3 86.4 478.3 951.0 530.7 388.5 243.4 490.7 964.9 262.3 277.3 937.7 248.6 374.6 949.4 474.4 106.9 367.6 981.5 123.5 231.5 496.6 675.6 626.4 1.1 575.1 28.7 342.6 471.9 10.2 52.3 690.6 852.9 361.1 928.5 944.1 255.2 118.3 892.8 415.4 349.8 271.1 888.6 610.3 584.4
4.0 79.3 874.4 572.5 254.3 732.6 708.2 8.4 777.1 606.7 267.5 509.1 944.4 934.4 236.6 388.6 808.8 905.5 866.7 50.9 628.4 294.8 679.6 966.0 600.4 244.8 23.3 537.5 920.6 369.6 40.0 56.1 537.6 171.3 615.0 455.8 263.1 147.4 214.9 786.4 305.8 896.3 407.6 551.8 414.3 312.0 82.2 166.6 154.2 832.8 638.9 762.2 625.7 540.4 380.5 868.6 0.8 615.2 615.9 6.3 590.6 262.6 89.0 710.3 41.4 732.0 643.3 225.3 807.5 350.1 566.0 494.5 470.7 162.5 117.4 35.2 425.7 919.8 131.6 998.7 648.7 99.6 262.0 340.6 940.7 769.6 656.1 867.8 195.5 216.4 713.8 516.5 775.5 607.7 773.9 290.1 577.9 904.1 366.7 498.7
378.5 721.7 765.1 264.8 73.4 401.3 134.5 477.9 198.4 299.2 410.0 573.6 69.9 279.6 564.6 457.2 984.2 313.0 481.7 73.3 938.7 908.3 173.3 570.7 405.1 601.0 870.6 728.3 5.0 429.5 993.0 667.2 710.6 689.1 136.0 791.6 323.5 387.2 306.6 831.0 426.9 70.0 584.4 846.9 432.4 723.0 505.1 132.5 426.3 395.9 829.9 53.7 819.8 194.6 405.1 894.2 699.1 811.5 522.7 794.7 506.5 392.6 804.2 134.9 339.9 999.5 274.5 750.0 780.2 311.1 460.7 75.9 574.9 243.0 781.1 616.7 169.4 215.7 663.1 573.2 263.5 436.9 531.6 613.2 197.9 545.6 487.0 152.4 124.1 924.0 951.1 524.6 819.3 681.8 466.4 306.4 328.8 812.2 175.7 230.5
915.9 945.5 52.1 432.1 453.8 435.5 524.7 167.5 555.5 370.0 860.8 951.3 186.3 457.7 918.0 567.1 303.3 394.6 497.5 2.2 555.0 254.4 386.6 344.7 859.4 773.6 342.9 468.3 634.3 486.5 313.7 860.1 920.5 813.2 486.3 299.6 214.5 934.1 97.5 370.9 884.4 778.2 308.6 940.8 274.8 167.2 353.9 194.5 289.2 246.0 666.3 813.6 444.8 284.0 436.4 191.6 61.9 833.8 541.7 832.9 419.7 139.8 52.2 543.5 218.0 765.7 288.7 865.5 608.9 809.5 155.3 253.2 861.1 46.4 184.7 375.3 917.9 240.4 576.0 662.2 403.3 381.2 671.5 388.0 783.4 323.5 679.1 924.8 864.9 72.7 688.3 876.2 200.8 336.3 254.6 953.7 494.0 408.8 372.6 232.5
272.4 293.7 370.0 119.6 405.7 844.9 390.0 613.5 438.2 211.2 222.7 643.4 202.0 214.4 980.9 223.4 591.3 142.9 874.4 243.3 866.3 982.6 90.7 858.5 422.9 355.2 55.2 644.7 152.3 530.5 471.1 828.2 184.5 506.8 175.0 680.0 445.8 449.9 370.7 497.6 481.2 87.8 306.4 729.9 985.2 705.9 429.0 270.5 706.5 893.1 155.7 21.7 778.3 970.1 141.9 642.1 41.5 188.3 397.8 992.0 949.6 216.6 575.5 905.7 915.4 613.6 660.4 408.7 367.5 70.9 446.5 247.6 914.9 892.5 887.2 201.2 969.4 355.3 785.7 503.4 680.9 166.3 609.2 748.4 832.0 377.5 409.7 915.5 474.4 297.7 224.0 25.3 358.7 277.7 748.7 938.6 696.5 389.3 596.5 314.4
506.8 136.3 73.8 995.5 452.0 156.6 263.4 565.1 583.0 755.6 468.7 437.6 676.9 570.9 622.5 795.3 454.8 428.3 25.5 70.8 892.4 412.2 475.7 526.6 334.2 501.5 342.9 853.2 486.4 466.9 328.3 556.1 483.5 900.4 717.1 804.3 759.0 930.0 292.7 501.7 30.9 36.2 420.2 562.5 486.4 545.7 713.9 561.8 270.2 327.2 414.8 40.9 340.9 325.9 702.6 762.6 524.5 674.5 719.6 426.6 270.8 288.1 854.5 920.7 994.6 893.1 840.5 42.2 763.9 633.8 358.4 980.4 240.6 984.6 730.4 598.7 273.8 486.2 440.3 287.1 436.0 519.5 477.1 99.3 258.8 372.1 15.9 165.9 347.6 379.0 82.5 650.8 725.6 800.7 34.5 604.8 393.7 208.6 754.3 374.1
43.0 417.2 438.1 396.4 384.9 972.1 790.1 403.9 386.1 552.0 650.7 104.8 340.4 344.9 985.5 264.7 13.5 146.4 602.8 278.8 333.2 88.0 203.4 247.1 817.3 262.3 493.0 820.3 456.5 965.7 781.8 220.3 268.6 285.1 650.8 526.9 952.0 797.8 189.7 161.9 712.8 775.2 417.6 568.6 974.6 606.3 817.8 30.6 796.6 715.5 784.4 702.8 480.2 121.4 113.8 825.7 621.9 175.9 741.5 109.8 373.8 166.8 333.3 718.4 893.8 932.8 229.7 71.1 15.1 946.2 845.8 322.1 818.1 25.0 849.7 154.5 288.5 218.2 569.3 169.1 300.7 611.3 638.5 998.2 413.4 296.9 930.9 937.3 768.3 988.2 370.0 161.9 662.1 941.8 774.4 393.8 363.1 277.8 838.8 859.8
402.9 312.4 734.0 426.5 608.8 972.2 31.4 158.5 717.0 875.8 12.1 656.9 645.0 998.3 875.7 983.1 684.9 995.0 589.2 222.4 449.0 713.2 482.8 622.7 585.1 932.1 777.8 439.2 116.1 205.3 974.5 385.2 732.7 534.5 244.6 563.4 203.5 235.6 502.3 810.7 855.0 964.2 566.4 977.8 383.8 418.3 506.0 37.6 704.0 921.9 899.7 407.7 300.8 220.0 954.7 737.5 928.4 148.6 711.6 937.7 651.5 110.7 49.8 142.0 254.0 661.1 540.3 792.8 141.7 472.4 712.7 720.6 441.7 661.2 666.1 206.2 578.4 593.3 987.8 984.4 571.3 196.3 311.6 561.5 392.9 413.9 788.8 417.8 938.9 520.0 214.7 783.7 678.5 567.3 333.8 761.1 447.6 555.4 515.5 166.5
577.3 77.8 864.8 866.3 258.6 510.0 831.1 577.6 101.3 947.9 748.5 817.8 589.9 213.4 283.7 542.9 14.8 513.8 480.6 488.3 249.6 552.9 565.9 208.9 733.6 11.6 153.0 676.5 142.4 29.2 173.8 387.4 604.9 667.5 345.8 102.4 619.2 24.4 939.1 63.5 85.8 255.7 436.1 355.0 54.2 690.0 188.9 966.6 25.2 87.1 317.3 518.0 179.8 846.4 712.0 254.2 912.9 960.5 560.2 624.2 641.0 185.1 785.9 606.9 343.1 798.0 815.9 745.1 229.3 878.2 855.4 926.4 599.4 474.3 180.3 185.3 412.5 829.2 288.1 737.9 5.9 952.8 824.4 678.9 909.1 182.6 664.7 499.8 67.6 961.6 527.1 976.6 250.9 120.6 167.1 833.6 691.8 609.8 662.9 227.1
814.4 993.1 162.4 416.0 213.1 489.4 290.1 365.1 477.4 361.0 372.3 295.8 297.5 877.7 365.5 495.7 126.4 687.0 152.3 269.5 841.1 556.2 28.6 522.9 83.8 560.2 470.4 181.4 787.7 664.2 988.0 567.3 798.6 573.3 145.9 845.6 960.0 809.0 499.2 125.8 640.9 752.6 922.7 331.9 371.6 664.5 637.4 969.8 464.9 72.4 476.6 811.6 641.1 457.3 746.1 700.5 110.5 728.0 3.6 958.2 793.3 863.3 792.8 503.9 731.6 826.5 661.6 189.1 157.9 374.6 802.7 774.2 290.4 871.1 616.5 253.5 876.4 241.1 184.6 546.1 249.4 699.5 538.1 448.3 748.2 181.3 947.6 757.1 124.1 290.6 890.2 276.4 300.1 927.4 637.3 384.2 609.7 698.4 241.9 239.8